121.3500 25.2000  0.0000  0.9000
121.3500 25.1850  0.0000  0.9000
121.3500 25.1700  0.0000  0.9000
121.3500 25.1550  0.0000  0.9000
121.3500 25.1400  0.0000  0.9000
121.3500 25.1250  0.0000  0.9000
121.3500 25.1100  0.0000  0.9000
121.3500 25.0950  0.0000  0.9000
121.3500 25.0800  0.0000  0.9000
121.3500 25.0650  0.0000  0.9000
121.3500 25.0500  0.0000  0.9000
121.3500 25.0350  0.0000  0.9000
121.3500 25.0200  0.0000  0.9000
121.3500 25.0050  0.0000  0.9000
121.3500 24.9900  0.0000  0.9000
121.3500 24.9750  0.0000  0.9000
121.3670 25.2000  0.0000  0.9000
121.3670 25.1850  0.0000  0.9000
121.3670 25.1700  0.0000  0.9000
121.3670 25.1550  0.0000  0.9000
121.3670 25.1400  0.0000  0.9000
121.3670 25.1250  0.0000  0.9000
121.3670 25.1100  0.0000  0.9000
121.3670 25.0950  0.0000  0.9000
121.3670 25.0800  0.0000  0.9000
121.3670 25.0650  0.0000  0.9000
121.3670 25.0500  0.0000  0.9000
121.3670 25.0350  0.0000  0.9000
121.3670 25.0200  0.0000  0.9000
121.3670 25.0050  0.0000  0.9000
121.3670 24.9900  0.0000  0.9000
121.3670 24.9750  0.0000  0.9000
121.3840 25.2000  0.0000  0.9000
121.3840 25.1850  0.0000  0.9000
121.3840 25.1700  0.0000  0.8982
121.3840 25.1550  0.0000  0.8954
121.3840 25.1400  0.0000  0.8922
121.3840 25.1250  0.0000  0.8908
121.3840 25.1100  0.0000  0.8921
121.3840 25.0950  0.0000  0.8949
121.3840 25.0800  0.0000  0.8979
121.3840 25.0650  0.0000  0.8993
121.3840 25.0500  0.0000  0.8988
121.3840 25.0350  0.0000  0.8996
121.3840 25.0200  0.0000  0.9057
121.3840 25.0050  0.0000  0.9133
121.3840 24.9900  0.0000  0.9065
121.3840 24.9750  0.0000  0.9000
121.4010 25.2000  0.0000  0.9000
121.4010 25.1850  0.0000  0.9000
121.4010 25.1700  0.0000  0.8961
121.4010 25.1550  0.0000  0.8906
121.4010 25.1400  0.0000  0.8859
121.4010 25.1250  0.0000  0.8867
121.4010 25.1100  0.0000  0.8919
121.4010 25.0950  0.0000  0.8956
121.4010 25.0800  0.0000  0.8966
121.4010 25.0650  0.0000  0.8914
121.4010 25.0500  0.0000  0.8828
121.4010 25.0350  0.0000  0.8804
121.4010 25.0200  0.0000  0.8644
121.4010 25.0050  0.0000  0.9635
121.4010 24.9900  0.0000  0.9416
121.4010 24.9750  0.0000  0.8940
121.4180 25.2000  0.0000  0.9000
121.4180 25.1850  0.0000  0.9000
121.4180 25.1700  0.0000  0.8956
121.4180 25.1550  0.0000  0.8899
121.4180 25.1400  0.0000  0.8898
121.4180 25.1250  0.0000  0.9020
121.4180 25.1100  0.0000  0.9184
121.4180 25.0950  0.0000  0.9193
121.4180 25.0800  0.0000  0.9081
121.4180 25.0650  0.0000  0.8605
121.4180 25.0500  0.0000  0.7765
121.4180 25.0350  0.0000  0.7591
121.4180 25.0200  0.0000  0.9390
121.4180 25.0050  0.0000  1.1221
121.4180 24.9900  0.0000  0.8597
121.4180 24.9750  0.0000  0.8566
121.4350 25.2000  0.0000  0.9000
121.4350 25.1850  0.0000  0.9000
121.4350 25.1700  0.0000  0.8988
121.4350 25.1550  0.0000  0.8983
121.4350 25.1400  0.0000  0.9129
121.4350 25.1250  0.0000  0.9616
121.4350 25.1100  0.0000  1.0222
121.4350 25.0950  0.0000  1.0769
121.4350 25.0800  0.0000  0.9866
121.4350 25.0650  0.0000  0.9271
121.4350 25.0500  0.0000  0.8758
121.4350 25.0350  0.0000  0.6774
121.4350 25.0200  0.0000  1.2305
121.4350 25.0050  0.0000  1.0783
121.4350 24.9900  0.0000  0.6821
121.4350 24.9750  0.0000  0.7964
121.4520 25.2000  0.0000  0.9000
121.4520 25.1850  0.0000  0.9000
121.4520 25.1700  0.0000  0.9035
121.4520 25.1550  0.0000  0.9103
121.4520 25.1400  0.0000  0.9591
121.4520 25.1250  0.0000  1.0955
121.4520 25.1100  0.0000  0.9955
121.4520 25.0950  0.0000  0.8397
121.4520 25.0800  0.0000  1.0905
121.4520 25.0650  0.0000  0.9679
121.4520 25.0500  0.0000  0.7282
121.4520 25.0350  0.0000  0.5290
121.4520 25.0200  0.0000  1.1879
121.4520 25.0050  0.0000  0.8700
121.4520 24.9900  0.0000  0.5511
121.4520 24.9750  0.0000  0.7250
121.4690 25.2000  0.0000  0.9000
121.4690 25.1850  0.0000  0.9000
121.4690 25.1700  0.0000  0.9020
121.4690 25.1550  0.0000  0.9146
121.4690 25.1400  0.0000  1.0187
121.4690 25.1250  0.0000  0.9360
121.4690 25.1100  0.0000  0.7968
121.4690 25.0950  0.0000  0.8011
121.4690 25.0800  0.0000  1.3550
121.4690 25.0650  0.0000  0.5000
121.4690 25.0500  0.0000  0.5000
121.4690 25.0350  0.0000  0.9138
121.4690 25.0200  0.0000  0.7008
121.4690 25.0050  0.0000  1.0296
121.4690 24.9900  0.0000  0.6548
121.4690 24.9750  0.0000  0.7795
121.4860 25.2000  0.0000  0.9000
121.4860 25.1850  0.0000  0.9000
121.4860 25.1700  0.0000  0.8869
121.4860 25.1550  0.0000  0.8702
121.4860 25.1400  0.0000  0.6459
121.4860 25.1250  0.0000  0.5647
121.4860 25.1100  0.0000  0.5521
121.4860 25.0950  0.0000  0.7956
121.4860 25.0800  0.0000  1.1995
121.4860 25.0650  0.0000  0.5000
121.4860 25.0500  0.0000  0.5912
121.4860 25.0350  0.0000  1.4985
121.4860 25.0200  0.0000  1.4200
121.4860 25.0050  0.0000  1.3144
121.4860 24.9900  0.0000  0.7711
121.4860 24.9750  0.0000  0.8766
121.5030 25.2000  0.0000  0.9000
121.5030 25.1850  0.0000  0.9000
121.5030 25.1700  0.0000  0.8852
121.5030 25.1550  0.0000  0.8325
121.5030 25.1400  0.0000  0.6126
121.5030 25.1250  0.0000  0.5612
121.5030 25.1100  0.0000  0.9613
121.5030 25.0950  0.0000  0.7427
121.5030 25.0800  0.0000  0.8962
121.5030 25.0650  0.0000  0.7163
121.5030 25.0500  0.0000  0.8126
121.5030 25.0350  0.0000  1.2654
121.5030 25.0200  0.0000  0.9785
121.5030 25.0050  0.0000  0.5000
121.5030 24.9900  0.0000  0.7422
121.5030 24.9750  0.0000  0.8771
121.5200 25.2000  0.0000  0.9000
121.5200 25.1850  0.0000  0.9000
121.5200 25.1700  0.0000  0.8959
121.5200 25.1550  0.0000  0.8854
121.5200 25.1400  0.0000  0.8682
121.5200 25.1250  0.0000  0.9557
121.5200 25.1100  0.0000  0.9725
121.5200 25.0950  0.0000  1.1452
121.5200 25.0800  0.0000  1.5141
121.5200 25.0650  0.0000  1.1766
121.5200 25.0500  0.0000  1.1700
121.5200 25.0350  0.0000  1.0172
121.5200 25.0200  0.0000  0.6630
121.5200 25.0050  0.0000  0.5000
121.5200 24.9900  0.0000  0.7825
121.5200 24.9750  0.0000  0.8965
121.5370 25.2000  0.0000  0.9000
121.5370 25.1850  0.0000  0.9000
121.5370 25.1700  0.0000  0.8996
121.5370 25.1550  0.0000  0.8985
121.5370 25.1400  0.0000  0.9097
121.5370 25.1250  0.0000  0.9951
121.5370 25.1100  0.0000  0.9291
121.5370 25.0950  0.0000  0.9469
121.5370 25.0800  0.0000  1.1405
121.5370 25.0650  0.0000  1.4173
121.5370 25.0500  0.0000  1.4109
121.5370 25.0350  0.0000  1.3351
121.5370 25.0200  0.0000  1.2035
121.5370 25.0050  0.0000  1.1110
121.5370 24.9900  0.0000  1.0714
121.5370 24.9750  0.0000  0.9350
121.5540 25.2000  0.0000  0.9000
121.5540 25.1850  0.0000  0.9000
121.5540 25.1700  0.0000  0.8976
121.5540 25.1550  0.0000  0.8963
121.5540 25.1400  0.0000  0.9035
121.5540 25.1250  0.0000  0.9303
121.5540 25.1100  0.0000  0.9874
121.5540 25.0950  0.0000  1.0026
121.5540 25.0800  0.0000  0.9195
121.5540 25.0650  0.0000  0.8147
121.5540 25.0500  0.0000  0.5000
121.5540 25.0350  0.0000  0.7520
121.5540 25.0200  0.0000  0.6979
121.5540 25.0050  0.0000  0.8310
121.5540 24.9900  0.0000  1.0732
121.5540 24.9750  0.0000  0.9538
121.5710 25.2000  0.0000  0.9000
121.5710 25.1850  0.0000  0.9000
121.5710 25.1700  0.0000  0.8960
121.5710 25.1550  0.0000  0.8923
121.5710 25.1400  0.0000  0.8937
121.5710 25.1250  0.0000  0.9090
121.5710 25.1100  0.0000  0.9662
121.5710 25.0950  0.0000  1.0721
121.5710 25.0800  0.0000  1.2142
121.5710 25.0650  0.0000  0.7478
121.5710 25.0500  0.0000  0.6497
121.5710 25.0350  0.0000  1.2571
121.5710 25.0200  0.0000  1.2024
121.5710 25.0050  0.0000  1.1040
121.5710 24.9900  0.0000  1.0869
121.5710 24.9750  0.0000  0.9801
121.5880 25.2000  0.0000  0.9000
121.5880 25.1850  0.0000  0.9000
121.5880 25.1700  0.0000  0.8964
121.5880 25.1550  0.0000  0.8921
121.5880 25.1400  0.0000  0.8899
121.5880 25.1250  0.0000  0.8966
121.5880 25.1100  0.0000  0.9246
121.5880 25.0950  0.0000  1.0479
121.5880 25.0800  0.0000  1.1142
121.5880 25.0650  0.0000  1.0021
121.5880 25.0500  0.0000  1.0816
121.5880 25.0350  0.0000  1.2813
121.5880 25.0200  0.0000  1.3033
121.5880 25.0050  0.0000  1.2867
121.5880 24.9900  0.0000  1.1857
121.5880 24.9750  0.0000  0.9778
121.6050 25.2000  0.0000  0.9000
121.6050 25.1850  0.0000  0.9000
121.6050 25.1700  0.0000  0.8980
121.6050 25.1550  0.0000  0.8952
121.6050 25.1400  0.0000  0.8926
121.6050 25.1250  0.0000  0.8934
121.6050 25.1100  0.0000  0.9020
121.6050 25.0950  0.0000  0.9203
121.6050 25.0800  0.0000  0.9291
121.6050 25.0650  0.0000  0.9163
121.6050 25.0500  0.0000  0.9223
121.6050 25.0350  0.0000  0.9510
121.6050 25.0200  0.0000  0.9647
121.6050 25.0050  0.0000  0.9664
121.6050 24.9900  0.0000  0.9533
121.6050 24.9750  0.0000  0.9174
121.3500 25.2000  0.2000  1.0200
121.3500 25.1850  0.2000  1.0200
121.3500 25.1700  0.2000  1.0200
121.3500 25.1550  0.2000  1.0200
121.3500 25.1400  0.2000  1.0200
121.3500 25.1250  0.2000  1.0200
121.3500 25.1100  0.2000  1.0200
121.3500 25.0950  0.2000  1.0200
121.3500 25.0800  0.2000  1.0200
121.3500 25.0650  0.2000  1.0200
121.3500 25.0500  0.2000  1.0200
121.3500 25.0350  0.2000  1.0200
121.3500 25.0200  0.2000  1.0200
121.3500 25.0050  0.2000  1.0200
121.3500 24.9900  0.2000  1.0200
121.3500 24.9750  0.2000  1.0200
121.3670 25.2000  0.2000  1.0200
121.3670 25.1850  0.2000  1.0200
121.3670 25.1700  0.2000  1.0182
121.3670 25.1550  0.2000  1.0154
121.3670 25.1400  0.2000  1.0122
121.3670 25.1250  0.2000  1.0108
121.3670 25.1100  0.2000  1.0121
121.3670 25.0950  0.2000  1.0149
121.3670 25.0800  0.2000  1.0179
121.3670 25.0650  0.2000  1.0193
121.3670 25.0500  0.2000  1.0188
121.3670 25.0350  0.2000  1.0196
121.3670 25.0200  0.2000  1.0257
121.3670 25.0050  0.2000  1.0333
121.3670 24.9900  0.2000  1.0265
121.3670 24.9750  0.2000  1.0200
121.3840 25.2000  0.2000  1.0200
121.3840 25.1850  0.2000  1.0182
121.3840 25.1700  0.2000  1.0124
121.3840 25.1550  0.2000  1.0092
121.3840 25.1400  0.2000  1.0154
121.3840 25.1250  0.2000  1.0308
121.3840 25.1100  0.2000  1.0439
121.3840 25.0950  0.2000  1.0426
121.3840 25.0800  0.2000  1.0226
121.3840 25.0650  0.2000  0.9897
121.3840 25.0500  0.2000  0.9637
121.3840 25.0350  0.2000  0.9659
121.3840 25.0200  0.2000  0.9996
121.3840 25.0050  0.2000  1.0298
121.3840 24.9900  0.2000  1.0125
121.3840 24.9750  0.2000  1.0032
121.4010 25.2000  0.2000  1.0200
121.4010 25.1850  0.2000  1.0161
121.4010 25.1700  0.2000  1.0126
121.4010 25.1550  0.2000  1.0192
121.4010 25.1400  0.2000  1.0494
121.4010 25.1250  0.2000  1.0970
121.4010 25.1100  0.2000  1.1306
121.4010 25.0950  0.2000  1.1196
121.4010 25.0800  0.2000  1.0608
121.4010 25.0650  0.2000  0.9721
121.4010 25.0500  0.2000  0.9004
121.4010 25.0350  0.2000  0.9047
121.4010 25.0200  0.2000  0.9991
121.4010 25.0050  0.2000  1.0853
121.4010 24.9900  0.2000  1.0147
121.4010 24.9750  0.2000  0.9763
121.4180 25.2000  0.2000  1.0200
121.4180 25.1850  0.2000  1.0156
121.4180 25.1700  0.2000  1.0222
121.4180 25.1550  0.2000  1.0539
121.4180 25.1400  0.2000  1.1306
121.4180 25.1250  0.2000  1.2353
121.4180 25.1100  0.2000  1.3009
121.4180 25.0950  0.2000  1.2702
121.4180 25.0800  0.2000  1.1570
121.4180 25.0650  0.2000  0.9823
121.4180 25.0500  0.2000  0.8340
121.4180 25.0350  0.2000  0.8445
121.4180 25.0200  0.2000  1.0885
121.4180 25.0050  0.2000  1.1818
121.4180 24.9900  0.2000  0.9472
121.4180 24.9750  0.2000  0.9085
121.4350 25.2000  0.2000  1.0200
121.4350 25.1850  0.2000  1.0188
121.4350 25.1700  0.2000  1.0334
121.4350 25.1550  0.2000  1.0922
121.4350 25.1400  0.2000  1.2251
121.4350 25.1250  0.2000  1.3973
121.4350 25.1100  0.2000  1.4863
121.4350 25.0950  0.2000  1.4328
121.4350 25.0800  0.2000  1.2948
121.4350 25.0650  0.2000  1.0524
121.4350 25.0500  0.2000  0.8534
121.4350 25.0350  0.2000  0.8262
121.4350 25.0200  0.2000  1.2058
121.4350 25.0050  0.2000  1.1414
121.4350 24.9900  0.2000  0.7824
121.4350 24.9750  0.2000  0.8093
121.4520 25.2000  0.2000  1.0200
121.4520 25.1850  0.2000  1.0235
121.4520 25.1700  0.2000  1.0227
121.4520 25.1550  0.2000  1.0784
121.4520 25.1400  0.2000  1.2317
121.4520 25.1250  0.2000  1.4034
121.4520 25.1100  0.2000  1.3514
121.4520 25.0950  0.2000  1.2731
121.4520 25.0800  0.2000  1.2917
121.4520 25.0650  0.2000  0.9375
121.4520 25.0500  0.2000  0.6943
121.4520 25.0350  0.2000  0.6708
121.4520 25.0200  0.2000  1.0561
121.4520 25.0050  0.2000  0.9729
121.4520 24.9900  0.2000  0.6806
121.4520 24.9750  0.2000  0.7638
121.4690 25.2000  0.2000  1.0200
121.4690 25.1850  0.2000  1.0220
121.4690 25.1700  0.2000  0.9681
121.4690 25.1550  0.2000  0.9590
121.4690 25.1400  0.2000  1.0341
121.4690 25.1250  0.2000  1.1216
121.4690 25.1100  0.2000  0.9845
121.4690 25.0950  0.2000  1.0169
121.4690 25.0800  0.2000  1.1823
121.4690 25.0650  0.2000  0.5545
121.4690 25.0500  0.2000  0.5196
121.4690 25.0350  0.2000  0.7332
121.4690 25.0200  0.2000  0.8716
121.4690 25.0050  0.2000  1.0117
121.4690 24.9900  0.2000  0.8109
121.4690 24.9750  0.2000  0.8518
121.4860 25.2000  0.2000  1.0200
121.4860 25.1850  0.2000  1.0069
121.4860 25.1700  0.2000  0.8906
121.4860 25.1550  0.2000  0.7512
121.4860 25.1400  0.2000  0.5999
121.4860 25.1250  0.2000  0.7396
121.4860 25.1100  0.2000  0.6896
121.4860 25.0950  0.2000  0.7885
121.4860 25.0800  0.2000  1.0464
121.4860 25.0650  0.2000  0.6670
121.4860 25.0500  0.2000  0.7459
121.4860 25.0350  0.2000  1.2077
121.4860 25.0200  0.2000  1.2512
121.4860 25.0050  0.2000  1.1662
121.4860 24.9900  0.2000  0.9322
121.4860 24.9750  0.2000  0.9429
121.5030 25.2000  0.2000  1.0200
121.5030 25.1850  0.2000  1.0052
121.5030 25.1700  0.2000  0.8924
121.5030 25.1550  0.2000  0.7480
121.5030 25.1400  0.2000  0.6051
121.5030 25.1250  0.2000  0.7504
121.5030 25.1100  0.2000  0.8370
121.5030 25.0950  0.2000  0.8936
121.5030 25.0800  0.2000  1.1311
121.5030 25.0650  0.2000  0.9682
121.5030 25.0500  0.2000  1.0061
121.5030 25.0350  0.2000  1.2677
121.5030 25.0200  0.2000  1.0368
121.5030 25.0050  0.2000  0.7004
121.5030 24.9900  0.2000  0.8194
121.5030 24.9750  0.2000  0.9495
121.5200 25.2000  0.2000  1.0200
121.5200 25.1850  0.2000  1.0159
121.5200 25.1700  0.2000  0.9637
121.5200 25.1550  0.2000  0.9247
121.5200 25.1400  0.2000  0.9451
121.5200 25.1250  0.2000  1.1049
121.5200 25.1100  0.2000  1.2296
121.5200 25.0950  0.2000  1.4762
121.5200 25.0800  0.2000  1.7663
121.5200 25.0650  0.2000  1.6251
121.5200 25.0500  0.2000  1.4909
121.5200 25.0350  0.2000  1.3353
121.5200 25.0200  0.2000  0.9574
121.5200 25.0050  0.2000  0.7424
121.5200 24.9900  0.2000  0.9381
121.5200 24.9750  0.2000  1.0363
121.5370 25.2000  0.2000  1.0200
121.5370 25.1850  0.2000  1.0196
121.5370 25.1700  0.2000  1.0150
121.5370 25.1550  0.2000  1.0406
121.5370 25.1400  0.2000  1.1301
121.5370 25.1250  0.2000  1.2900
121.5370 25.1100  0.2000  1.3834
121.5370 25.0950  0.2000  1.5447
121.5370 25.0800  0.2000  1.7638
121.5370 25.0650  0.2000  1.7717
121.5370 25.0500  0.2000  1.6123
121.5370 25.0350  0.2000  1.4980
121.5370 25.0200  0.2000  1.3358
121.5370 25.0050  0.2000  1.2884
121.5370 24.9900  0.2000  1.3259
121.5370 24.9750  0.2000  1.2133
121.5540 25.2000  0.2000  1.0200
121.5540 25.1850  0.2000  1.0176
121.5540 25.1700  0.2000  1.0274
121.5540 25.1550  0.2000  1.0633
121.5540 25.1400  0.2000  1.1474
121.5540 25.1250  0.2000  1.2768
121.5540 25.1100  0.2000  1.3993
121.5540 25.0950  0.2000  1.4839
121.5540 25.0800  0.2000  1.4545
121.5540 25.0650  0.2000  1.1829
121.5540 25.0500  0.2000  0.9016
121.5540 25.0350  0.2000  1.1015
121.5540 25.0200  0.2000  1.2026
121.5540 25.0050  0.2000  1.3743
121.5540 24.9900  0.2000  1.5088
121.5540 24.9750  0.2000  1.3347
121.5710 25.2000  0.2000  1.0200
121.5710 25.1850  0.2000  1.0160
121.5710 25.1700  0.2000  1.0193
121.5710 25.1550  0.2000  1.0422
121.5710 25.1400  0.2000  1.1010
121.5710 25.1250  0.2000  1.2023
121.5710 25.1100  0.2000  1.3410
121.5710 25.0950  0.2000  1.4806
121.5710 25.0800  0.2000  1.4644
121.5710 25.0650  0.2000  1.0787
121.5710 25.0500  0.2000  0.9510
121.5710 25.0350  0.2000  1.4044
121.5710 25.0200  0.2000  1.6347
121.5710 25.0050  0.2000  1.7284
121.5710 24.9900  0.2000  1.7030
121.5710 24.9750  0.2000  1.4284
121.5880 25.2000  0.2000  1.0200
121.5880 25.1850  0.2000  1.0164
121.5880 25.1700  0.2000  1.0120
121.5880 25.1550  0.2000  1.0198
121.5880 25.1400  0.2000  1.0531
121.5880 25.1250  0.2000  1.1208
121.5880 25.1100  0.2000  1.2304
121.5880 25.0950  0.2000  1.3718
121.5880 25.0800  0.2000  1.4034
121.5880 25.0650  0.2000  1.2474
121.5880 25.0500  0.2000  1.2855
121.5880 25.0350  0.2000  1.6031
121.5880 25.0200  0.2000  1.8076
121.5880 25.0050  0.2000  1.8651
121.5880 24.9900  0.2000  1.7449
121.5880 24.9750  0.2000  1.4153
121.6050 25.2000  0.2000  1.0200
121.6050 25.1850  0.2000  1.0180
121.6050 25.1700  0.2000  1.0125
121.6050 25.1550  0.2000  1.0122
121.6050 25.1400  0.2000  1.0253
121.6050 25.1250  0.2000  1.0579
121.6050 25.1100  0.2000  1.1122
121.6050 25.0950  0.2000  1.1772
121.6050 25.0800  0.2000  1.2001
121.6050 25.0650  0.2000  1.1650
121.6050 25.0500  0.2000  1.2004
121.6050 25.0350  0.2000  1.3379
121.6050 25.0200  0.2000  1.4449
121.6050 25.0050  0.2000  1.4768
121.6050 24.9900  0.2000  1.4064
121.6050 24.9750  0.2000  1.2287
121.3500 25.2000  0.4000  1.1400
121.3500 25.1850  0.4000  1.1400
121.3500 25.1700  0.4000  1.1400
121.3500 25.1550  0.4000  1.1400
121.3500 25.1400  0.4000  1.1400
121.3500 25.1250  0.4000  1.1400
121.3500 25.1100  0.4000  1.1400
121.3500 25.0950  0.4000  1.1400
121.3500 25.0800  0.4000  1.1400
121.3500 25.0650  0.4000  1.1400
121.3500 25.0500  0.4000  1.1400
121.3500 25.0350  0.4000  1.1400
121.3500 25.0200  0.4000  1.1400
121.3500 25.0050  0.4000  1.1400
121.3500 24.9900  0.4000  1.1400
121.3500 24.9750  0.4000  1.1400
121.3670 25.2000  0.4000  1.1400
121.3670 25.1850  0.4000  1.1400
121.3670 25.1700  0.4000  1.1368
121.3670 25.1550  0.4000  1.1315
121.3670 25.1400  0.4000  1.1253
121.3670 25.1250  0.4000  1.1228
121.3670 25.1100  0.4000  1.1256
121.3670 25.0950  0.4000  1.1309
121.3670 25.0800  0.4000  1.1359
121.3670 25.0650  0.4000  1.1373
121.3670 25.0500  0.4000  1.1346
121.3670 25.0350  0.4000  1.1339
121.3670 25.0200  0.4000  1.1409
121.3670 25.0050  0.4000  1.1480
121.3670 24.9900  0.4000  1.1402
121.3670 24.9750  0.4000  1.1372
121.3840 25.2000  0.4000  1.1400
121.3840 25.1850  0.4000  1.1368
121.3840 25.1700  0.4000  1.1268
121.3840 25.1550  0.4000  1.1222
121.3840 25.1400  0.4000  1.1365
121.3840 25.1250  0.4000  1.1673
121.3840 25.1100  0.4000  1.1908
121.3840 25.0950  0.4000  1.1833
121.3840 25.0800  0.4000  1.1413
121.3840 25.0650  0.4000  1.0786
121.3840 25.0500  0.4000  1.0300
121.3840 25.0350  0.4000  1.0244
121.3840 25.0200  0.4000  1.0624
121.3840 25.0050  0.4000  1.0914
121.3840 24.9900  0.4000  1.0784
121.3840 24.9750  0.4000  1.0927
121.4010 25.2000  0.4000  1.1400
121.4010 25.1850  0.4000  1.1330
121.4010 25.1700  0.4000  1.1271
121.4010 25.1550  0.4000  1.1427
121.4010 25.1400  0.4000  1.2034
121.4010 25.1250  0.4000  1.2947
121.4010 25.1100  0.4000  1.3531
121.4010 25.0950  0.4000  1.3228
121.4010 25.0800  0.4000  1.2074
121.4010 25.0650  0.4000  1.0510
121.4010 25.0500  0.4000  0.9319
121.4010 25.0350  0.4000  0.9284
121.4010 25.0200  0.4000  1.0381
121.4010 25.0050  0.4000  1.1055
121.4010 24.9900  0.4000  1.0334
121.4010 24.9750  0.4000  1.0433
121.4180 25.2000  0.4000  1.1400
121.4180 25.1850  0.4000  1.1319
121.4180 25.1700  0.4000  1.1433
121.4180 25.1550  0.4000  1.2035
121.4180 25.1400  0.4000  1.3494
121.4180 25.1250  0.4000  1.5454
121.4180 25.1100  0.4000  1.6578
121.4180 25.0950  0.4000  1.5807
121.4180 25.0800  0.4000  1.3696
121.4180 25.0650  0.4000  1.0946
121.4180 25.0500  0.4000  0.8922
121.4180 25.0350  0.4000  0.9209
121.4180 25.0200  0.4000  1.1727
121.4180 25.0050  0.4000  1.2035
121.4180 24.9900  0.4000  0.9661
121.4180 24.9750  0.4000  0.9812
121.4350 25.2000  0.4000  1.1400
121.4350 25.1850  0.4000  1.1370
121.4350 25.1700  0.4000  1.1581
121.4350 25.1550  0.4000  1.2617
121.4350 25.1400  0.4000  1.5035
121.4350 25.1250  0.4000  1.8262
121.4350 25.1100  0.4000  1.9718
121.4350 25.0950  0.4000  1.8202
121.4350 25.0800  0.4000  1.5723
121.4350 25.0650  0.4000  1.2627
121.4350 25.0500  0.4000  1.0387
121.4350 25.0350  0.4000  1.0893
121.4350 25.0200  0.4000  1.3805
121.4350 25.0050  0.4000  1.2030
121.4350 24.9900  0.4000  0.8767
121.4350 24.9750  0.4000  0.9331
121.4520 25.2000  0.4000  1.1400
121.4520 25.1850  0.4000  1.1431
121.4520 25.1700  0.4000  1.1305
121.4520 25.1550  0.4000  1.2162
121.4520 25.1400  0.4000  1.4805
121.4520 25.1250  0.4000  1.8301
121.4520 25.1100  0.4000  1.8207
121.4520 25.0950  0.4000  1.6120
121.4520 25.0800  0.4000  1.5265
121.4520 25.0650  0.4000  1.2363
121.4520 25.0500  0.4000  0.9891
121.4520 25.0350  0.4000  1.0178
121.4520 25.0200  0.4000  1.2115
121.4520 25.0050  0.4000  1.0710
121.4520 24.9900  0.4000  0.9337
121.4520 24.9750  0.4000  0.9946
121.4690 25.2000  0.4000  1.1400
121.4690 25.1850  0.4000  1.1367
121.4690 25.1700  0.4000  1.0306
121.4690 25.1550  0.4000  0.9908
121.4690 25.1400  0.4000  1.1163
121.4690 25.1250  0.4000  1.4562
121.4690 25.1100  0.4000  1.3546
121.4690 25.0950  0.4000  1.1736
121.4690 25.0800  0.4000  1.3047
121.4690 25.0650  0.4000  1.0615
121.4690 25.0500  0.4000  0.8970
121.4690 25.0350  0.4000  0.8017
121.4690 25.0200  0.4000  0.7864
121.4690 25.0050  0.4000  1.0626
121.4690 24.9900  0.4000  1.1309
121.4690 24.9750  0.4000  1.1189
121.4860 25.2000  0.4000  1.1400
121.4860 25.1850  0.4000  1.1106
121.4860 25.1700  0.4000  0.9140
121.4860 25.1550  0.4000  0.6834
121.4860 25.1400  0.4000  0.5419
121.4860 25.1250  0.4000  1.0218
121.4860 25.1100  0.4000  0.9579
121.4860 25.0950  0.4000  0.7473
121.4860 25.0800  0.4000  1.0100
121.4860 25.0650  0.4000  0.9695
121.4860 25.0500  0.4000  1.0058
121.4860 25.0350  0.4000  1.1144
121.4860 25.0200  0.4000  1.0974
121.4860 25.0050  0.4000  1.2703
121.4860 24.9900  0.4000  1.1991
121.4860 24.9750  0.4000  1.1490
121.5030 25.2000  0.4000  1.1400
121.5030 25.1850  0.4000  1.1167
121.5030 25.1700  0.4000  0.9433
121.5030 25.1550  0.4000  0.7541
121.5030 25.1400  0.4000  0.6797
121.5030 25.1250  0.4000  1.0348
121.5030 25.1100  0.4000  0.8623
121.5030 25.0950  0.4000  0.7728
121.5030 25.0800  0.4000  1.0666
121.5030 25.0650  0.4000  0.9719
121.5030 25.0500  0.4000  1.0108
121.5030 25.0350  0.4000  1.2274
121.5030 25.0200  0.4000  1.0420
121.5030 25.0050  0.4000  0.9466
121.5030 24.9900  0.4000  1.0405
121.5030 24.9750  0.4000  1.1189
121.5200 25.2000  0.4000  1.1400
121.5200 25.1850  0.4000  1.1368
121.5200 25.1700  0.4000  1.0677
121.5200 25.1550  0.4000  1.0457
121.5200 25.1400  0.4000  1.1556
121.5200 25.1250  0.4000  1.3984
121.5200 25.1100  0.4000  1.4279
121.5200 25.0950  0.4000  1.6219
121.5200 25.0800  0.4000  1.9101
121.5200 25.0650  0.4000  1.7522
121.5200 25.0500  0.4000  1.5377
121.5200 25.0350  0.4000  1.3839
121.5200 25.0200  0.4000  1.0684
121.5200 25.0050  0.4000  0.9811
121.5200 24.9900  0.4000  1.1808
121.5200 24.9750  0.4000  1.2313
121.5370 25.2000  0.4000  1.1400
121.5370 25.1850  0.4000  1.1410
121.5370 25.1700  0.4000  1.1493
121.5370 25.1550  0.4000  1.2184
121.5370 25.1400  0.4000  1.3968
121.5370 25.1250  0.4000  1.6219
121.5370 25.1100  0.4000  1.6877
121.5370 25.0950  0.4000  1.7973
121.5370 25.0800  0.4000  1.9882
121.5370 25.0650  0.4000  1.8922
121.5370 25.0500  0.4000  1.5671
121.5370 25.0350  0.4000  1.4294
121.5370 25.0200  0.4000  1.3475
121.5370 25.0050  0.4000  1.4500
121.5370 24.9900  0.4000  1.5828
121.5370 24.9750  0.4000  1.4504
121.5540 25.2000  0.4000  1.1400
121.5540 25.1850  0.4000  1.1357
121.5540 25.1700  0.4000  1.1623
121.5540 25.1550  0.4000  1.2352
121.5540 25.1400  0.4000  1.3795
121.5540 25.1250  0.4000  1.5543
121.5540 25.1100  0.4000  1.6479
121.5540 25.0950  0.4000  1.6416
121.5540 25.0800  0.4000  1.5525
121.5540 25.0650  0.4000  1.1751
121.5540 25.0500  0.4000  0.7105
121.5540 25.0350  0.4000  0.9492
121.5540 25.0200  0.4000  1.2088
121.5540 25.0050  0.4000  1.5702
121.5540 24.9900  0.4000  1.8088
121.5540 24.9750  0.4000  1.6065
121.5710 25.2000  0.4000  1.1400
121.5710 25.1850  0.4000  1.1323
121.5710 25.1700  0.4000  1.1427
121.5710 25.1550  0.4000  1.1850
121.5710 25.1400  0.4000  1.2773
121.5710 25.1250  0.4000  1.4041
121.5710 25.1100  0.4000  1.5228
121.5710 25.0950  0.4000  1.5825
121.5710 25.0800  0.4000  1.5158
121.5710 25.0650  0.4000  1.0917
121.5710 25.0500  0.4000  0.7957
121.5710 25.0350  0.4000  1.3045
121.5710 25.0200  0.4000  1.7479
121.5710 25.0050  0.4000  2.0173
121.5710 24.9900  0.4000  2.0627
121.5710 24.9750  0.4000  1.7219
121.5880 25.2000  0.4000  1.1400
121.5880 25.1850  0.4000  1.1330
121.5880 25.1700  0.4000  1.1274
121.5880 25.1550  0.4000  1.1411
121.5880 25.1400  0.4000  1.1902
121.5880 25.1250  0.4000  1.2734
121.5880 25.1100  0.4000  1.3814
121.5880 25.0950  0.4000  1.4901
121.5880 25.0800  0.4000  1.5190
121.5880 25.0650  0.4000  1.3506
121.5880 25.0500  0.4000  1.3281
121.5880 25.0350  0.4000  1.7164
121.5880 25.0200  0.4000  2.0572
121.5880 25.0050  0.4000  2.2060
121.5880 24.9900  0.4000  2.1014
121.5880 24.9750  0.4000  1.6939
121.6050 25.2000  0.4000  1.1400
121.6050 25.1850  0.4000  1.1362
121.6050 25.1700  0.4000  1.1272
121.6050 25.1550  0.4000  1.1267
121.6050 25.1400  0.4000  1.1452
121.6050 25.1250  0.4000  1.1864
121.6050 25.1100  0.4000  1.2473
121.6050 25.0950  0.4000  1.3135
121.6050 25.0800  0.4000  1.3458
121.6050 25.0650  0.4000  1.3107
121.6050 25.0500  0.4000  1.3425
121.6050 25.0350  0.4000  1.5265
121.6050 25.0200  0.4000  1.6964
121.6050 25.0050  0.4000  1.7647
121.6050 24.9900  0.4000  1.6831
121.6050 24.9750  0.4000  1.4432
121.3500 25.2000  0.6000  1.2600
121.3500 25.1850  0.6000  1.2600
121.3500 25.1700  0.6000  1.2600
121.3500 25.1550  0.6000  1.2600
121.3500 25.1400  0.6000  1.2600
121.3500 25.1250  0.6000  1.2600
121.3500 25.1100  0.6000  1.2600
121.3500 25.0950  0.6000  1.2600
121.3500 25.0800  0.6000  1.2600
121.3500 25.0650  0.6000  1.2600
121.3500 25.0500  0.6000  1.2600
121.3500 25.0350  0.6000  1.2600
121.3500 25.0200  0.6000  1.2600
121.3500 25.0050  0.6000  1.2600
121.3500 24.9900  0.6000  1.2600
121.3500 24.9750  0.6000  1.2600
121.3670 25.2000  0.6000  1.2600
121.3670 25.1850  0.6000  1.2600
121.3670 25.1700  0.6000  1.2562
121.3670 25.1550  0.6000  1.2490
121.3670 25.1400  0.6000  1.2404
121.3670 25.1250  0.6000  1.2372
121.3670 25.1100  0.6000  1.2416
121.3670 25.0950  0.6000  1.2485
121.3670 25.0800  0.6000  1.2539
121.3670 25.0650  0.6000  1.2535
121.3670 25.0500  0.6000  1.2473
121.3670 25.0350  0.6000  1.2420
121.3670 25.0200  0.6000  1.2432
121.3670 25.0050  0.6000  1.2434
121.3670 24.9900  0.6000  1.2417
121.3670 24.9750  0.6000  1.2514
121.3840 25.2000  0.6000  1.2600
121.3840 25.1850  0.6000  1.2562
121.3840 25.1700  0.6000  1.2419
121.3840 25.1550  0.6000  1.2369
121.3840 25.1400  0.6000  1.2581
121.3840 25.1250  0.6000  1.3012
121.3840 25.1100  0.6000  1.3317
121.3840 25.0950  0.6000  1.3152
121.3840 25.0800  0.6000  1.2500
121.3840 25.0650  0.6000  1.1623
121.3840 25.0500  0.6000  1.0947
121.3840 25.0350  0.6000  1.0753
121.3840 25.0200  0.6000  1.0956
121.3840 25.0050  0.6000  1.1087
121.3840 24.9900  0.6000  1.1161
121.3840 24.9750  0.6000  1.1739
121.4010 25.2000  0.6000  1.2600
121.4010 25.1850  0.6000  1.2511
121.4010 25.1700  0.6000  1.2416
121.4010 25.1550  0.6000  1.2630
121.4010 25.1400  0.6000  1.3478
121.4010 25.1250  0.6000  1.4751
121.4010 25.1100  0.6000  1.5520
121.4010 25.0950  0.6000  1.4930
121.4010 25.0800  0.6000  1.3210
121.4010 25.0650  0.6000  1.1102
121.4010 25.0500  0.6000  0.9593
121.4010 25.0350  0.6000  0.9359
121.4010 25.0200  0.6000  1.0068
121.4010 25.0050  0.6000  1.0255
121.4010 24.9900  0.6000  0.9966
121.4010 24.9750  0.6000  1.1011
121.4180 25.2000  0.6000  1.2600
121.4180 25.1850  0.6000  1.2492
121.4180 25.1700  0.6000  1.2602
121.4180 25.1550  0.6000  1.3381
121.4180 25.1400  0.6000  1.5365
121.4180 25.1250  0.6000  1.8104
121.4180 25.1100  0.6000  1.9608
121.4180 25.0950  0.6000  1.8215
121.4180 25.0800  0.6000  1.5054
121.4180 25.0650  0.6000  1.1534
121.4180 25.0500  0.6000  0.9277
121.4180 25.0350  0.6000  0.9627
121.4180 25.0200  0.6000  1.1440
121.4180 25.0050  0.6000  1.0768
121.4180 24.9900  0.6000  0.9258
121.4180 24.9750  0.6000  1.0628
121.4350 25.2000  0.6000  1.2600
121.4350 25.1850  0.6000  1.2542
121.4350 25.1700  0.6000  1.2732
121.4350 25.1550  0.6000  1.4014
121.4350 25.1400  0.6000  1.7224
121.4350 25.1250  0.6000  2.1817
121.4350 25.1100  0.6000  2.3980
121.4350 25.0950  0.6000  2.1190
121.4350 25.0800  0.6000  1.7241
121.4350 25.0650  0.6000  1.3796
121.4350 25.0500  0.6000  1.1810
121.4350 25.0350  0.6000  1.3123
121.4350 25.0200  0.6000  1.4622
121.4350 25.0050  0.6000  1.1248
121.4350 24.9900  0.6000  0.9521
121.4350 24.9750  0.6000  1.0996
121.4520 25.2000  0.6000  1.2600
121.4520 25.1850  0.6000  1.2591
121.4520 25.1700  0.6000  1.2307
121.4520 25.1550  0.6000  1.3240
121.4520 25.1400  0.6000  1.6551
121.4520 25.1250  0.6000  2.1727
121.4520 25.1100  0.6000  2.2606
121.4520 25.0950  0.6000  1.8425
121.4520 25.0800  0.6000  1.6030
121.4520 25.0650  0.6000  1.4307
121.4520 25.0500  0.6000  1.2576
121.4520 25.0350  0.6000  1.4231
121.4520 25.0200  0.6000  1.3931
121.4520 25.0050  0.6000  1.1024
121.4520 24.9900  0.6000  1.1911
121.4520 24.9750  0.6000  1.2704
121.4690 25.2000  0.6000  1.2600
121.4690 25.1850  0.6000  1.2488
121.4690 25.1700  0.6000  1.1087
121.4690 25.1550  0.6000  1.0393
121.4690 25.1400  0.6000  1.1767
121.4690 25.1250  0.6000  1.6867
121.4690 25.1100  0.6000  1.7314
121.4690 25.0950  0.6000  1.2633
121.4690 25.0800  0.6000  1.2501
121.4690 25.0650  0.6000  1.2851
121.4690 25.0500  0.6000  1.2377
121.4690 25.0350  0.6000  1.1104
121.4690 25.0200  0.6000  0.8473
121.4690 25.0050  0.6000  1.0978
121.4690 24.9900  0.6000  1.4153
121.4690 24.9750  0.6000  1.4024
121.4860 25.2000  0.6000  1.2600
121.4860 25.1850  0.6000  1.2253
121.4860 25.1700  0.6000  0.9958
121.4860 25.1550  0.6000  0.7448
121.4860 25.1400  0.6000  0.6485
121.4860 25.1250  0.6000  1.2186
121.4860 25.1100  0.6000  1.2748
121.4860 25.0950  0.6000  0.7949
121.4860 25.0800  0.6000  0.8921
121.4860 25.0650  0.6000  1.0864
121.4860 25.0500  0.6000  1.2784
121.4860 25.0350  0.6000  1.2175
121.4860 25.0200  0.6000  1.0653
121.4860 25.0050  0.6000  1.3733
121.4860 24.9900  0.6000  1.4355
121.4860 24.9750  0.6000  1.3729
121.5030 25.2000  0.6000  1.2600
121.5030 25.1850  0.6000  1.2388
121.5030 25.1700  0.6000  1.0580
121.5030 25.1550  0.6000  0.8926
121.5030 25.1400  0.6000  0.9073
121.5030 25.1250  0.6000  1.3320
121.5030 25.1100  0.6000  1.1323
121.5030 25.0950  0.6000  0.8716
121.5030 25.0800  0.6000  1.0014
121.5030 25.0650  0.6000  0.9640
121.5030 25.0500  0.6000  1.0903
121.5030 25.0350  0.6000  1.2908
121.5030 25.0200  0.6000  1.1551
121.5030 25.0050  0.6000  1.2267
121.5030 24.9900  0.6000  1.2955
121.5030 24.9750  0.6000  1.3274
121.5200 25.2000  0.6000  1.2600
121.5200 25.1850  0.6000  1.2614
121.5200 25.1700  0.6000  1.2120
121.5200 25.1550  0.6000  1.2477
121.5200 25.1400  0.6000  1.4736
121.5200 25.1250  0.6000  1.8055
121.5200 25.1100  0.6000  1.7650
121.5200 25.0950  0.6000  1.7848
121.5200 25.0800  0.6000  1.9313
121.5200 25.0650  0.6000  1.7128
121.5200 25.0500  0.6000  1.4866
121.5200 25.0350  0.6000  1.4122
121.5200 25.0200  0.6000  1.2398
121.5200 25.0050  0.6000  1.2702
121.5200 24.9900  0.6000  1.4430
121.5200 24.9750  0.6000  1.4421
121.5370 25.2000  0.6000  1.2600
121.5370 25.1850  0.6000  1.2626
121.5370 25.1700  0.6000  1.3007
121.5370 25.1550  0.6000  1.4279
121.5370 25.1400  0.6000  1.7011
121.5370 25.1250  0.6000  1.9923
121.5370 25.1100  0.6000  2.0008
121.5370 25.0950  0.6000  1.9424
121.5370 25.0800  0.6000  2.0138
121.5370 25.0650  0.6000  1.8492
121.5370 25.0500  0.6000  1.4011
121.5370 25.0350  0.6000  1.2812
121.5370 25.0200  0.6000  1.3011
121.5370 25.0050  0.6000  1.5233
121.5370 24.9900  0.6000  1.7515
121.5370 24.9750  0.6000  1.6338
121.5540 25.2000  0.6000  1.2600
121.5540 25.1850  0.6000  1.2533
121.5540 25.1700  0.6000  1.3015
121.5540 25.1550  0.6000  1.4095
121.5540 25.1400  0.6000  1.6007
121.5540 25.1250  0.6000  1.7881
121.5540 25.1100  0.6000  1.7970
121.5540 25.0950  0.6000  1.6172
121.5540 25.0800  0.6000  1.4876
121.5540 25.0650  0.6000  1.1717
121.5540 25.0500  0.6000  0.5837
121.5540 25.0350  0.6000  0.7829
121.5540 25.0200  0.6000  1.1198
121.5540 25.0050  0.6000  1.5827
121.5540 24.9900  0.6000  1.9309
121.5540 24.9750  0.6000  1.7674
121.5710 25.2000  0.6000  1.2600
121.5710 25.1850  0.6000  1.2486
121.5710 25.1700  0.6000  1.2671
121.5710 25.1550  0.6000  1.3227
121.5710 25.1400  0.6000  1.4283
121.5710 25.1250  0.6000  1.5377
121.5710 25.1100  0.6000  1.5664
121.5710 25.0950  0.6000  1.4717
121.5710 25.0800  0.6000  1.4188
121.5710 25.0650  0.6000  1.1184
121.5710 25.0500  0.6000  0.7004
121.5710 25.0350  0.6000  1.1257
121.5710 25.0200  0.6000  1.6569
121.5710 25.0050  0.6000  2.0287
121.5710 24.9900  0.6000  2.1637
121.5710 24.9750  0.6000  1.8597
121.5880 25.2000  0.6000  1.2600
121.5880 25.1850  0.6000  1.2501
121.5880 25.1700  0.6000  1.2440
121.5880 25.1550  0.6000  1.2593
121.5880 25.1400  0.6000  1.3076
121.5880 25.1250  0.6000  1.3717
121.5880 25.1100  0.6000  1.4227
121.5880 25.0950  0.6000  1.4466
121.5880 25.0800  0.6000  1.4987
121.5880 25.0650  0.6000  1.4054
121.5880 25.0500  0.6000  1.3257
121.5880 25.0350  0.6000  1.6679
121.5880 25.0200  0.6000  2.0519
121.5880 25.0050  0.6000  2.2561
121.5880 24.9900  0.6000  2.1982
121.5880 24.9750  0.6000  1.8168
121.6050 25.2000  0.6000  1.2600
121.6050 25.1850  0.6000  1.2548
121.6050 25.1700  0.6000  1.2431
121.6050 25.1550  0.6000  1.2411
121.6050 25.1400  0.6000  1.2565
121.6050 25.1250  0.6000  1.2879
121.6050 25.1100  0.6000  1.3268
121.6050 25.0950  0.6000  1.3671
121.6050 25.0800  0.6000  1.4135
121.6050 25.0650  0.6000  1.4088
121.6050 25.0500  0.6000  1.4259
121.6050 25.0350  0.6000  1.5962
121.6050 25.0200  0.6000  1.7800
121.6050 25.0050  0.6000  1.8654
121.6050 24.9900  0.6000  1.7991
121.6050 24.9750  0.6000  1.5682
121.3500 25.2000  0.8000  1.3800
121.3500 25.1850  0.8000  1.3800
121.3500 25.1700  0.8000  1.3800
121.3500 25.1550  0.8000  1.3800
121.3500 25.1400  0.8000  1.3800
121.3500 25.1250  0.8000  1.3800
121.3500 25.1100  0.8000  1.3800
121.3500 25.0950  0.8000  1.3800
121.3500 25.0800  0.8000  1.3800
121.3500 25.0650  0.8000  1.3800
121.3500 25.0500  0.8000  1.3800
121.3500 25.0350  0.8000  1.3800
121.3500 25.0200  0.8000  1.3800
121.3500 25.0050  0.8000  1.3800
121.3500 24.9900  0.8000  1.3800
121.3500 24.9750  0.8000  1.3800
121.3670 25.2000  0.8000  1.3800
121.3670 25.1850  0.8000  1.3800
121.3670 25.1700  0.8000  1.3761
121.3670 25.1550  0.8000  1.3682
121.3670 25.1400  0.8000  1.3587
121.3670 25.1250  0.8000  1.3556
121.3670 25.1100  0.8000  1.3611
121.3670 25.0950  0.8000  1.3683
121.3670 25.0800  0.8000  1.3721
121.3670 25.0650  0.8000  1.3688
121.3670 25.0500  0.8000  1.3593
121.3670 25.0350  0.8000  1.3505
121.3670 25.0200  0.8000  1.3475
121.3670 25.0050  0.8000  1.3425
121.3670 24.9900  0.8000  1.3473
121.3670 24.9750  0.8000  1.3671
121.3840 25.2000  0.8000  1.3800
121.3840 25.1850  0.8000  1.3761
121.3840 25.1700  0.8000  1.3604
121.3840 25.1550  0.8000  1.3556
121.3840 25.1400  0.8000  1.3810
121.3840 25.1250  0.8000  1.4301
121.3840 25.1100  0.8000  1.4622
121.3840 25.0950  0.8000  1.4356
121.3840 25.0800  0.8000  1.3536
121.3840 25.0650  0.8000  1.2527
121.3840 25.0500  0.8000  1.1776
121.3840 25.0350  0.8000  1.1502
121.3840 25.0200  0.8000  1.1561
121.3840 25.0050  0.8000  1.1569
121.3840 24.9900  0.8000  1.1832
121.3840 24.9750  0.8000  1.2712
121.4010 25.2000  0.8000  1.3800
121.4010 25.1850  0.8000  1.3707
121.4010 25.1700  0.8000  1.3590
121.4010 25.1550  0.8000  1.3832
121.4010 25.1400  0.8000  1.4794
121.4010 25.1250  0.8000  1.6235
121.4010 25.1100  0.8000  1.7055
121.4010 25.0950  0.8000  1.6199
121.4010 25.0800  0.8000  1.4056
121.4010 25.0650  0.8000  1.1662
121.4010 25.0500  0.8000  1.0077
121.4010 25.0350  0.8000  0.9771
121.4010 25.0200  0.8000  1.0158
121.4010 25.0050  0.8000  1.0003
121.4010 24.9900  0.8000  1.0158
121.4010 24.9750  0.8000  1.1890
121.4180 25.2000  0.8000  1.3800
121.4180 25.1850  0.8000  1.3682
121.4180 25.1700  0.8000  1.3763
121.4180 25.1550  0.8000  1.4594
121.4180 25.1400  0.8000  1.6790
121.4180 25.1250  0.8000  1.9913
121.4180 25.1100  0.8000  2.1616
121.4180 25.0950  0.8000  1.9639
121.4180 25.0800  0.8000  1.5610
121.4180 25.0650  0.8000  1.1611
121.4180 25.0500  0.8000  0.9386
121.4180 25.0350  0.8000  0.9819
121.4180 25.0200  0.8000  1.1057
121.4180 25.0050  0.8000  0.9794
121.4180 24.9900  0.8000  0.9302
121.4180 24.9750  0.8000  1.1657
121.4350 25.2000  0.8000  1.3800
121.4350 25.1850  0.8000  1.3721
121.4350 25.1700  0.8000  1.3854
121.4350 25.1550  0.8000  1.5161
121.4350 25.1400  0.8000  1.8644
121.4350 25.1250  0.8000  2.3955
121.4350 25.1100  0.8000  2.6653
121.4350 25.0950  0.8000  2.2702
121.4350 25.0800  0.8000  1.7325
121.4350 25.0650  0.8000  1.3369
121.4350 25.0500  0.8000  1.1511
121.4350 25.0350  0.8000  1.3410
121.4350 25.0200  0.8000  1.4200
121.4350 25.0050  0.8000  0.9950
121.4350 24.9900  0.8000  0.9900
121.4350 24.9750  0.8000  1.2405
121.4520 25.2000  0.8000  1.3800
121.4520 25.1850  0.8000  1.3749
121.4520 25.1700  0.8000  1.3367
121.4520 25.1550  0.8000  1.4215
121.4520 25.1400  0.8000  1.7590
121.4520 25.1250  0.8000  2.3464
121.4520 25.1100  0.8000  2.5127
121.4520 25.0950  0.8000  1.9120
121.4520 25.0800  0.8000  1.5051
121.4520 25.0650  0.8000  1.3608
121.4520 25.0500  0.8000  1.2374
121.4520 25.0350  0.8000  1.5552
121.4520 25.0200  0.8000  1.4508
121.4520 25.0050  0.8000  1.0313
121.4520 24.9900  0.8000  1.2905
121.4520 24.9750  0.8000  1.4432
121.4690 25.2000  0.8000  1.3800
121.4690 25.1850  0.8000  1.3642
121.4690 25.1700  0.8000  1.2205
121.4690 25.1550  0.8000  1.1405
121.4690 25.1400  0.8000  1.2524
121.4690 25.1250  0.8000  1.7689
121.4690 25.1100  0.8000  1.9244
121.4690 25.0950  0.8000  1.2444
121.4690 25.0800  0.8000  1.0452
121.4690 25.0650  0.8000  1.1814
121.4690 25.0500  0.8000  1.3145
121.4690 25.0350  0.8000  1.3737
121.4690 25.0200  0.8000  1.0133
121.4690 25.0050  0.8000  1.0985
121.4690 24.9900  0.8000  1.5279
121.4690 24.9750  0.8000  1.5694
121.4860 25.2000  0.8000  1.3800
121.4860 25.1850  0.8000  1.3496
121.4860 25.1700  0.8000  1.1401
121.4860 25.1550  0.8000  0.9297
121.4860 25.1400  0.8000  0.8792
121.4860 25.1250  0.8000  1.3352
121.4860 25.1100  0.8000  1.4891
121.4860 25.0950  0.8000  0.8995
121.4860 25.0800  0.8000  0.8143
121.4860 25.0650  0.8000  1.1014
121.4860 25.0500  0.8000  1.4709
121.4860 25.0350  0.8000  1.4684
121.4860 25.0200  0.8000  1.2140
121.4860 25.0050  0.8000  1.4537
121.4860 24.9900  0.8000  1.5684
121.4860 24.9750  0.8000  1.5370
121.5030 25.2000  0.8000  1.3800
121.5030 25.1850  0.8000  1.3648
121.5030 25.1700  0.8000  1.2215
121.5030 25.1550  0.8000  1.1201
121.5030 25.1400  0.8000  1.2007
121.5030 25.1250  0.8000  1.5862
121.5030 25.1100  0.8000  1.5091
121.5030 25.0950  0.8000  1.2328
121.5030 25.0800  0.8000  1.1670
121.5030 25.0650  0.8000  1.1441
121.5030 25.0500  0.8000  1.3430
121.5030 25.0350  0.8000  1.5428
121.5030 25.0200  0.8000  1.3944
121.5030 25.0050  0.8000  1.4558
121.5030 24.9900  0.8000  1.5047
121.5030 24.9750  0.8000  1.5213
121.5200 25.2000  0.8000  1.3800
121.5200 25.1850  0.8000  1.3837
121.5200 25.1700  0.8000  1.3746
121.5200 25.1550  0.8000  1.4746
121.5200 25.1400  0.8000  1.7913
121.5200 25.1250  0.8000  2.2041
121.5200 25.1100  0.8000  2.2091
121.5200 25.0950  0.8000  2.1252
121.5200 25.0800  0.8000  2.1056
121.5200 25.0650  0.8000  1.8351
121.5200 25.0500  0.8000  1.6384
121.5200 25.0350  0.8000  1.6304
121.5200 25.0200  0.8000  1.5171
121.5200 25.0050  0.8000  1.5426
121.5200 24.9900  0.8000  1.6705
121.5200 24.9750  0.8000  1.6375
121.5370 25.2000  0.8000  1.3800
121.5370 25.1850  0.8000  1.3815
121.5370 25.1700  0.8000  1.4511
121.5370 25.1550  0.8000  1.6277
121.5370 25.1400  0.8000  1.9764
121.5370 25.1250  0.8000  2.3443
121.5370 25.1100  0.8000  2.3645
121.5370 25.0950  0.8000  2.1981
121.5370 25.0800  0.8000  2.1701
121.5370 25.0650  0.8000  2.0010
121.5370 25.0500  0.8000  1.5281
121.5370 25.0350  0.8000  1.4142
121.5370 25.0200  0.8000  1.4393
121.5370 25.0050  0.8000  1.6424
121.5370 24.9900  0.8000  1.8906
121.5370 24.9750  0.8000  1.7881
121.5540 25.2000  0.8000  1.3800
121.5540 25.1850  0.8000  1.3704
121.5540 25.1700  0.8000  1.4361
121.5540 25.1550  0.8000  1.5689
121.5540 25.1400  0.8000  1.7930
121.5540 25.1250  0.8000  1.9980
121.5540 25.1100  0.8000  1.9716
121.5540 25.0950  0.8000  1.7005
121.5540 25.0800  0.8000  1.6129
121.5540 25.0650  0.8000  1.4758
121.5540 25.0500  0.8000  0.9021
121.5540 25.0350  0.8000  0.9859
121.5540 25.0200  0.8000  1.2637
121.5540 25.0050  0.8000  1.6536
121.5540 24.9900  0.8000  2.0097
121.5540 24.9750  0.8000  1.8825
121.5710 25.2000  0.8000  1.3800
121.5710 25.1850  0.8000  1.3658
121.5710 25.1700  0.8000  1.3911
121.5710 25.1550  0.8000  1.4542
121.5710 25.1400  0.8000  1.5643
121.5710 25.1250  0.8000  1.6578
121.5710 25.1100  0.8000  1.6289
121.5710 25.0950  0.8000  1.4514
121.5710 25.0800  0.8000  1.4760
121.5710 25.0650  0.8000  1.3846
121.5710 25.0500  0.8000  0.9629
121.5710 25.0350  0.8000  1.2206
121.5710 25.0200  0.8000  1.6900
121.5710 25.0050  0.8000  2.0347
121.5710 24.9900  0.8000  2.1931
121.5710 24.9750  0.8000  1.9418
121.5880 25.2000  0.8000  1.3800
121.5880 25.1850  0.8000  1.3685
121.5880 25.1700  0.8000  1.3632
121.5880 25.1550  0.8000  1.3790
121.5880 25.1400  0.8000  1.4217
121.5880 25.1250  0.8000  1.4650
121.5880 25.1100  0.8000  1.4716
121.5880 25.0950  0.8000  1.4458
121.5880 25.0800  0.8000  1.5439
121.5880 25.0650  0.8000  1.5638
121.5880 25.0500  0.8000  1.4686
121.5880 25.0350  0.8000  1.7030
121.5880 25.0200  0.8000  2.0419
121.5880 25.0050  0.8000  2.2423
121.5880 24.9900  0.8000  2.2137
121.5880 24.9750  0.8000  1.8852
121.6050 25.2000  0.8000  1.3800
121.6050 25.1850  0.8000  1.3744
121.6050 25.1700  0.8000  1.3616
121.6050 25.1550  0.8000  1.3586
121.6050 25.1400  0.8000  1.3694
121.6050 25.1250  0.8000  1.3889
121.6050 25.1100  0.8000  1.4067
121.6050 25.0950  0.8000  1.4288
121.6050 25.0800  0.8000  1.4956
121.6050 25.0650  0.8000  1.5327
121.6050 25.0500  0.8000  1.5418
121.6050 25.0350  0.8000  1.6672
121.6050 25.0200  0.8000  1.8273
121.6050 25.0050  0.8000  1.9095
121.6050 24.9900  0.8000  1.8579
121.6050 24.9750  0.8000  1.6577
121.3500 25.2000  1.1000  1.5600
121.3500 25.1850  1.1000  1.5600
121.3500 25.1700  1.1000  1.5600
121.3500 25.1550  1.1000  1.5600
121.3500 25.1400  1.1000  1.5600
121.3500 25.1250  1.1000  1.5600
121.3500 25.1100  1.1000  1.5600
121.3500 25.0950  1.1000  1.5600
121.3500 25.0800  1.1000  1.5600
121.3500 25.0650  1.1000  1.5600
121.3500 25.0500  1.1000  1.5600
121.3500 25.0350  1.1000  1.5600
121.3500 25.0200  1.1000  1.5600
121.3500 25.0050  1.1000  1.5600
121.3500 24.9900  1.1000  1.5600
121.3500 24.9750  1.1000  1.5600
121.3670 25.2000  1.1000  1.5600
121.3670 25.1850  1.1000  1.5600
121.3670 25.1700  1.1000  1.5567
121.3670 25.1550  1.1000  1.5498
121.3670 25.1400  1.1000  1.5414
121.3670 25.1250  1.1000  1.5389
121.3670 25.1100  1.1000  1.5442
121.3670 25.0950  1.1000  1.5502
121.3670 25.0800  1.1000  1.5519
121.3670 25.0650  1.1000  1.5472
121.3670 25.0500  1.1000  1.5380
121.3670 25.0350  1.1000  1.5297
121.3670 25.0200  1.1000  1.5273
121.3670 25.0050  1.1000  1.5252
121.3670 24.9900  1.1000  1.5304
121.3670 24.9750  1.1000  1.5483
121.3840 25.2000  1.1000  1.5600
121.3840 25.1850  1.1000  1.5567
121.3840 25.1700  1.1000  1.5434
121.3840 25.1550  1.1000  1.5394
121.3840 25.1400  1.1000  1.5630
121.3840 25.1250  1.1000  1.6078
121.3840 25.1100  1.1000  1.6351
121.3840 25.0950  1.1000  1.6051
121.3840 25.0800  1.1000  1.5242
121.3840 25.0650  1.1000  1.4324
121.3840 25.0500  1.1000  1.3681
121.3840 25.0350  1.1000  1.3470
121.3840 25.0200  1.1000  1.3522
121.3840 25.0050  1.1000  1.3554
121.3840 24.9900  1.1000  1.3836
121.3840 24.9750  1.1000  1.4640
121.4010 25.2000  1.1000  1.5600
121.4010 25.1850  1.1000  1.5520
121.4010 25.1700  1.1000  1.5418
121.4010 25.1550  1.1000  1.5634
121.4010 25.1400  1.1000  1.6499
121.4010 25.1250  1.1000  1.7815
121.4010 25.1100  1.1000  1.8528
121.4010 25.0950  1.1000  1.7589
121.4010 25.0800  1.1000  1.5465
121.4010 25.0650  1.1000  1.3290
121.4010 25.0500  1.1000  1.2000
121.4010 25.0350  1.1000  1.1853
121.4010 25.0200  1.1000  1.2219
121.4010 25.0050  1.1000  1.2125
121.4010 24.9900  1.1000  1.2407
121.4010 24.9750  1.1000  1.3986
121.4180 25.2000  1.1000  1.5600
121.4180 25.1850  1.1000  1.5496
121.4180 25.1700  1.1000  1.5553
121.4180 25.1550  1.1000  1.6266
121.4180 25.1400  1.1000  1.8231
121.4180 25.1250  1.1000  2.1109
121.4180 25.1100  1.1000  2.2696
121.4180 25.0950  1.1000  2.0534
121.4180 25.0800  1.1000  1.6395
121.4180 25.0650  1.1000  1.2678
121.4180 25.0500  1.1000  1.0939
121.4180 25.0350  1.1000  1.1603
121.4180 25.0200  1.1000  1.2675
121.4180 25.0050  1.1000  1.1514
121.4180 24.9900  1.1000  1.1565
121.4180 24.9750  1.1000  1.3861
121.4350 25.2000  1.1000  1.5600
121.4350 25.1850  1.1000  1.5524
121.4350 25.1700  1.1000  1.5594
121.4350 25.1550  1.1000  1.6695
121.4350 25.1400  1.1000  1.9772
121.4350 25.1250  1.1000  2.4759
121.4350 25.1100  1.1000  2.7552
121.4350 25.0950  1.1000  2.3182
121.4350 25.0800  1.1000  1.7285
121.4350 25.0650  1.1000  1.3268
121.4350 25.0500  1.1000  1.1718
121.4350 25.0350  1.1000  1.3878
121.4350 25.0200  1.1000  1.4613
121.4350 25.0050  1.1000  1.0715
121.4350 24.9900  1.1000  1.1649
121.4350 24.9750  1.1000  1.4446
121.4520 25.2000  1.1000  1.5600
121.4520 25.1850  1.1000  1.5537
121.4520 25.1700  1.1000  1.5164
121.4520 25.1550  1.1000  1.5807
121.4520 25.1400  1.1000  1.8622
121.4520 25.1250  1.1000  2.3917
121.4520 25.1100  1.1000  2.5817
121.4520 25.0950  1.1000  1.9112
121.4520 25.0800  1.1000  1.4255
121.4520 25.0650  1.1000  1.2700
121.4520 25.0500  1.1000  1.1776
121.4520 25.0350  1.1000  1.5731
121.4520 25.0200  1.1000  1.5087
121.4520 25.0050  1.1000  1.0718
121.4520 24.9900  1.1000  1.3949
121.4520 24.9750  1.1000  1.6057
121.4690 25.2000  1.1000  1.5600
121.4690 25.1850  1.1000  1.5454
121.4690 25.1700  1.1000  1.4270
121.4690 25.1550  1.1000  1.3553
121.4690 25.1400  1.1000  1.4222
121.4690 25.1250  1.1000  1.8158
121.4690 25.1100  1.1000  1.9961
121.4690 25.0950  1.1000  1.2566
121.4690 25.0800  1.1000  0.9721
121.4690 25.0650  1.1000  1.1215
121.4690 25.0500  1.1000  1.3677
121.4690 25.0350  1.1000  1.6127
121.4690 25.0200  1.1000  1.2899
121.4690 25.0050  1.1000  1.2126
121.4690 24.9900  1.1000  1.6250
121.4690 24.9750  1.1000  1.7180
121.4860 25.2000  1.1000  1.5600
121.4860 25.1850  1.1000  1.5393
121.4860 25.1700  1.1000  1.3837
121.4860 25.1550  1.1000  1.2400
121.4860 25.1400  1.1000  1.2091
121.4860 25.1250  1.1000  1.4894
121.4860 25.1100  1.1000  1.6646
121.4860 25.0950  1.1000  1.1288
121.4860 25.0800  1.1000  0.9812
121.4860 25.0650  1.1000  1.2860
121.4860 25.0500  1.1000  1.7219
121.4860 25.0350  1.1000  1.8201
121.4860 25.0200  1.1000  1.5167
121.4860 25.0050  1.1000  1.5985
121.4860 24.9900  1.1000  1.7094
121.4860 24.9750  1.1000  1.7157
121.5030 25.2000  1.1000  1.5600
121.5030 25.1850  1.1000  1.5512
121.5030 25.1700  1.1000  1.4621
121.5030 25.1550  1.1000  1.4245
121.5030 25.1400  1.1000  1.5283
121.5030 25.1250  1.1000  1.8279
121.5030 25.1100  1.1000  1.8866
121.5030 25.0950  1.1000  1.7231
121.5030 25.0800  1.1000  1.5872
121.5030 25.0650  1.1000  1.5722
121.5030 25.0500  1.1000  1.7660
121.5030 25.0350  1.1000  1.9238
121.5030 25.0200  1.1000  1.7155
121.5030 25.0050  1.1000  1.6841
121.5030 24.9900  1.1000  1.7226
121.5030 24.9750  1.1000  1.7395
121.5200 25.2000  1.1000  1.5600
121.5200 25.1850  1.1000  1.5631
121.5200 25.1700  1.1000  1.5854
121.5200 25.1550  1.1000  1.7158
121.5200 25.1400  1.1000  2.0514
121.5200 25.1250  1.1000  2.4930
121.5200 25.1100  1.1000  2.6044
121.5200 25.0950  1.1000  2.5377
121.5200 25.0800  1.1000  2.4316
121.5200 25.0650  1.1000  2.1600
121.5200 25.0500  1.1000  2.0047
121.5200 25.0350  1.1000  1.9968
121.5200 25.0200  1.1000  1.8520
121.5200 25.0050  1.1000  1.8115
121.5200 24.9900  1.1000  1.8961
121.5200 24.9750  1.1000  1.8491
121.5370 25.2000  1.1000  1.5600
121.5370 25.1850  1.1000  1.5592
121.5370 25.1700  1.1000  1.6388
121.5370 25.1550  1.1000  1.8237
121.5370 25.1400  1.1000  2.1823
121.5370 25.1250  1.1000  2.5948
121.5370 25.1100  1.1000  2.6863
121.5370 25.0950  1.1000  2.5329
121.5370 25.0800  1.1000  2.4813
121.5370 25.0650  1.1000  2.3613
121.5370 25.0500  1.1000  1.9505
121.5370 25.0350  1.1000  1.8080
121.5370 25.0200  1.1000  1.7652
121.5370 25.0050  1.1000  1.8637
121.5370 24.9900  1.1000  2.0593
121.5370 24.9750  1.1000  1.9589
121.5540 25.2000  1.1000  1.5600
121.5540 25.1850  1.1000  1.5493
121.5540 25.1700  1.1000  1.6157
121.5540 25.1550  1.1000  1.7456
121.5540 25.1400  1.1000  1.9676
121.5540 25.1250  1.1000  2.1855
121.5540 25.1100  1.1000  2.1941
121.5540 25.0950  1.1000  1.9647
121.5540 25.0800  1.1000  1.9758
121.5540 25.0650  1.1000  2.0191
121.5540 25.0500  1.1000  1.5465
121.5540 25.0350  1.1000  1.5035
121.5540 25.0200  1.1000  1.6593
121.5540 25.0050  1.1000  1.8744
121.5540 24.9900  1.1000  2.1392
121.5540 24.9750  1.1000  2.0203
121.5710 25.2000  1.1000  1.5600
121.5710 25.1850  1.1000  1.5460
121.5710 25.1700  1.1000  1.5717
121.5710 25.1550  1.1000  1.6312
121.5710 25.1400  1.1000  1.7335
121.5710 25.1250  1.1000  1.8226
121.5710 25.1100  1.1000  1.8014
121.5710 25.0950  1.1000  1.6544
121.5710 25.0800  1.1000  1.7680
121.5710 25.0650  1.1000  1.8472
121.5710 25.0500  1.1000  1.5036
121.5710 25.0350  1.1000  1.6018
121.5710 25.0200  1.1000  1.9299
121.5710 25.0050  1.1000  2.1610
121.5710 24.9900  1.1000  2.2701
121.5710 24.9750  1.1000  2.0531
121.5880 25.2000  1.1000  1.5600
121.5880 25.1850  1.1000  1.5495
121.5880 25.1700  1.1000  1.5453
121.5880 25.1550  1.1000  1.5602
121.5880 25.1400  1.1000  1.5962
121.5880 25.1250  1.1000  1.6304
121.5880 25.1100  1.1000  1.6305
121.5880 25.0950  1.1000  1.6146
121.5880 25.0800  1.1000  1.7507
121.5880 25.0650  1.1000  1.8444
121.5880 25.0500  1.1000  1.7663
121.5880 25.0350  1.1000  1.8894
121.5880 25.0200  1.1000  2.1364
121.5880 25.0050  1.1000  2.2910
121.5880 24.9900  1.1000  2.2627
121.5880 24.9750  1.1000  1.9890
121.6050 25.2000  1.1000  1.5600
121.6050 25.1850  1.1000  1.5551
121.6050 25.1700  1.1000  1.5441
121.6050 25.1550  1.1000  1.5409
121.6050 25.1400  1.1000  1.5492
121.6050 25.1250  1.1000  1.5621
121.6050 25.1100  1.1000  1.5731
121.6050 25.0950  1.1000  1.5939
121.6050 25.0800  1.1000  1.6716
121.6050 25.0650  1.1000  1.7324
121.6050 25.0500  1.1000  1.7393
121.6050 25.0350  1.1000  1.8151
121.6050 25.0200  1.1000  1.9316
121.6050 25.0050  1.1000  1.9956
121.6050 24.9900  1.1000  1.9522
121.6050 24.9750  1.1000  1.7900
121.3500 25.2000  1.4000  1.7400
121.3500 25.1850  1.4000  1.7400
121.3500 25.1700  1.4000  1.7400
121.3500 25.1550  1.4000  1.7400
121.3500 25.1400  1.4000  1.7400
121.3500 25.1250  1.4000  1.7400
121.3500 25.1100  1.4000  1.7400
121.3500 25.0950  1.4000  1.7400
121.3500 25.0800  1.4000  1.7400
121.3500 25.0650  1.4000  1.7400
121.3500 25.0500  1.4000  1.7400
121.3500 25.0350  1.4000  1.7400
121.3500 25.0200  1.4000  1.7400
121.3500 25.0050  1.4000  1.7400
121.3500 24.9900  1.4000  1.7400
121.3500 24.9750  1.4000  1.7400
121.3670 25.2000  1.4000  1.7400
121.3670 25.1850  1.4000  1.7400
121.3670 25.1700  1.4000  1.7382
121.3670 25.1550  1.4000  1.7341
121.3670 25.1400  1.4000  1.7291
121.3670 25.1250  1.4000  1.7275
121.3670 25.1100  1.4000  1.7307
121.3670 25.0950  1.4000  1.7340
121.3670 25.0800  1.4000  1.7348
121.3670 25.0650  1.4000  1.7318
121.3670 25.0500  1.4000  1.7264
121.3670 25.0350  1.4000  1.7217
121.3670 25.0200  1.4000  1.7218
121.3670 25.0050  1.4000  1.7231
121.3670 24.9900  1.4000  1.7256
121.3670 24.9750  1.4000  1.7339
121.3840 25.2000  1.4000  1.7400
121.3840 25.1850  1.4000  1.7382
121.3840 25.1700  1.4000  1.7295
121.3840 25.1550  1.4000  1.7271
121.3840 25.1400  1.4000  1.7401
121.3840 25.1250  1.4000  1.7675
121.3840 25.1100  1.4000  1.7848
121.3840 25.0950  1.4000  1.7648
121.3840 25.0800  1.4000  1.7118
121.3840 25.0650  1.4000  1.6550
121.3840 25.0500  1.4000  1.6170
121.3840 25.0350  1.4000  1.6077
121.3840 25.0200  1.4000  1.6167
121.3840 25.0050  1.4000  1.6260
121.3840 24.9900  1.4000  1.6414
121.3840 24.9750  1.4000  1.6867
121.4010 25.2000  1.4000  1.7400
121.4010 25.1850  1.4000  1.7354
121.4010 25.1700  1.4000  1.7284
121.4010 25.1550  1.4000  1.7392
121.4010 25.1400  1.4000  1.7916
121.4010 25.1250  1.4000  1.8753
121.4010 25.1100  1.4000  1.9230
121.4010 25.0950  1.4000  1.8563
121.4010 25.0800  1.4000  1.7127
121.4010 25.0650  1.4000  1.5738
121.4010 25.0500  1.4000  1.5010
121.4010 25.0350  1.4000  1.5053
121.4010 25.0200  1.4000  1.5494
121.4010 25.0050  1.4000  1.5679
121.4010 24.9900  1.4000  1.5779
121.4010 24.9750  1.4000  1.6557
121.4180 25.2000  1.4000  1.7400
121.4180 25.1850  1.4000  1.7338
121.4180 25.1700  1.4000  1.7359
121.4180 25.1550  1.4000  1.7763
121.4180 25.1400  1.4000  1.8985
121.4180 25.1250  1.4000  2.0922
121.4180 25.1100  1.4000  2.2101
121.4180 25.0950  1.4000  2.0468
121.4180 25.0800  1.4000  1.7444
121.4180 25.0650  1.4000  1.4953
121.4180 25.0500  1.4000  1.4042
121.4180 25.0350  1.4000  1.4814
121.4180 25.0200  1.4000  1.5976
121.4180 25.0050  1.4000  1.5276
121.4180 24.9900  1.4000  1.5229
121.4180 24.9750  1.4000  1.6572
121.4350 25.2000  1.4000  1.7400
121.4350 25.1850  1.4000  1.7355
121.4350 25.1700  1.4000  1.7374
121.4350 25.1550  1.4000  1.8012
121.4350 25.1400  1.4000  1.9982
121.4350 25.1250  1.4000  2.3548
121.4350 25.1100  1.4000  2.6272
121.4350 25.0950  1.4000  2.2640
121.4350 25.0800  1.4000  1.7760
121.4350 25.0650  1.4000  1.4657
121.4350 25.0500  1.4000  1.3825
121.4350 25.0350  1.4000  1.5710
121.4350 25.0200  1.4000  1.6684
121.4350 25.0050  1.4000  1.3674
121.4350 24.9900  1.4000  1.4716
121.4350 24.9750  1.4000  1.6867
121.4520 25.2000  1.4000  1.7400
121.4520 25.1850  1.4000  1.7362
121.4520 25.1700  1.4000  1.7109
121.4520 25.1550  1.4000  1.7441
121.4520 25.1400  1.4000  1.9152
121.4520 25.1250  1.4000  2.2920
121.4520 25.1100  1.4000  2.4750
121.4520 25.0950  1.4000  1.8704
121.4520 25.0800  1.4000  1.4816
121.4520 25.0650  1.4000  1.3764
121.4520 25.0500  1.4000  1.2837
121.4520 25.0350  1.4000  1.6751
121.4520 25.0200  1.4000  1.6774
121.4520 25.0050  1.4000  1.2723
121.4520 24.9900  1.4000  1.5879
121.4520 24.9750  1.4000  1.7764
121.4690 25.2000  1.4000  1.7400
121.4690 25.1850  1.4000  1.7321
121.4690 25.1700  1.4000  1.6605
121.4690 25.1550  1.4000  1.6073
121.4690 25.1400  1.4000  1.6138
121.4690 25.1250  1.4000  1.8239
121.4690 25.1100  1.4000  2.0020
121.4690 25.0950  1.4000  1.3333
121.4690 25.0800  1.4000  1.1428
121.4690 25.0650  1.4000  1.2987
121.4690 25.0500  1.4000  1.5444
121.4690 25.0350  1.4000  1.8622
121.4690 25.0200  1.4000  1.5866
121.4690 25.0050  1.4000  1.4238
121.4690 24.9900  1.4000  1.7783
121.4690 24.9750  1.4000  1.8565
121.4860 25.2000  1.4000  1.7400
121.4860 25.1850  1.4000  1.7305
121.4860 25.1700  1.4000  1.6435
121.4860 25.1550  1.4000  1.5602
121.4860 25.1400  1.4000  1.5191
121.4860 25.1250  1.4000  1.6346
121.4860 25.1100  1.4000  1.7905
121.4860 25.0950  1.4000  1.3985
121.4860 25.0800  1.4000  1.3158
121.4860 25.0650  1.4000  1.6063
121.4860 25.0500  1.4000  1.9984
121.4860 25.0350  1.4000  2.1069
121.4860 25.0200  1.4000  1.7744
121.4860 25.0050  1.4000  1.7645
121.4860 24.9900  1.4000  1.8471
121.4860 24.9750  1.4000  1.8678
121.5030 25.2000  1.4000  1.7400
121.5030 25.1850  1.4000  1.7368
121.5030 25.1700  1.4000  1.6953
121.5030 25.1550  1.4000  1.6889
121.5030 25.1400  1.4000  1.7628
121.5030 25.1250  1.4000  1.9433
121.5030 25.1100  1.4000  2.0600
121.5030 25.0950  1.4000  2.0526
121.5030 25.0800  1.4000  1.9592
121.5030 25.0650  1.4000  1.9584
121.5030 25.0500  1.4000  2.0808
121.5030 25.0350  1.4000  2.1689
121.5030 25.0200  1.4000  1.9151
121.5030 25.0050  1.4000  1.8265
121.5030 24.9900  1.4000  1.8734
121.5030 24.9750  1.4000  1.9041
121.5200 25.2000  1.4000  1.7400
121.5200 25.1850  1.4000  1.7416
121.5200 25.1700  1.4000  1.7667
121.5200 25.1550  1.4000  1.8668
121.5200 25.1400  1.4000  2.1205
121.5200 25.1250  1.4000  2.5094
121.5200 25.1100  1.4000  2.6770
121.5200 25.0950  1.4000  2.6825
121.5200 25.0800  1.4000  2.5771
121.5200 25.0650  1.4000  2.3271
121.5200 25.0500  1.4000  2.2261
121.5200 25.0350  1.4000  2.1965
121.5200 25.0200  1.4000  2.0282
121.5200 25.0050  1.4000  1.9496
121.5200 24.9900  1.4000  2.0155
121.5200 24.9750  1.4000  1.9818
121.5370 25.2000  1.4000  1.7400
121.5370 25.1850  1.4000  1.7384
121.5370 25.1700  1.4000  1.7932
121.5370 25.1550  1.4000  1.9217
121.5370 25.1400  1.4000  2.1876
121.5370 25.1250  1.4000  2.5621
121.5370 25.1100  1.4000  2.6975
121.5370 25.0950  1.4000  2.6047
121.5370 25.0800  1.4000  2.5753
121.5370 25.0650  1.4000  2.5439
121.5370 25.0500  1.4000  2.2287
121.5370 25.0350  1.4000  2.0663
121.5370 25.0200  1.4000  1.9715
121.5370 25.0050  1.4000  1.9901
121.5370 24.9900  1.4000  2.1304
121.5370 24.9750  1.4000  2.0445
121.5540 25.2000  1.4000  1.7400
121.5540 25.1850  1.4000  1.7325
121.5540 25.1700  1.4000  1.7742
121.5540 25.1550  1.4000  1.8593
121.5540 25.1400  1.4000  2.0156
121.5540 25.1250  1.4000  2.1942
121.5540 25.1100  1.4000  2.2439
121.5540 25.0950  1.4000  2.0934
121.5540 25.0800  1.4000  2.1928
121.5540 25.0650  1.4000  2.3664
121.5540 25.0500  1.4000  1.9855
121.5540 25.0350  1.4000  1.8869
121.5540 25.0200  1.4000  1.9548
121.5540 25.0050  1.4000  2.0058
121.5540 24.9900  1.4000  2.1754
121.5540 24.9750  1.4000  2.0765
121.5710 25.2000  1.4000  1.7400
121.5710 25.1850  1.4000  1.7311
121.5710 25.1700  1.4000  1.7452
121.5710 25.1550  1.4000  1.7823
121.5710 25.1400  1.4000  1.8510
121.5710 25.1250  1.4000  1.9202
121.5710 25.1100  1.4000  1.9267
121.5710 25.0950  1.4000  1.8502
121.5710 25.0800  1.4000  2.0050
121.5710 25.0650  1.4000  2.1508
121.5710 25.0500  1.4000  1.8825
121.5710 25.0350  1.4000  1.9062
121.5710 25.0200  1.4000  2.1134
121.5710 25.0050  1.4000  2.2165
121.5710 24.9900  1.4000  2.2624
121.5710 24.9750  1.4000  2.0924
121.5880 25.2000  1.4000  1.7400
121.5880 25.1850  1.4000  1.7337
121.5880 25.1700  1.4000  1.7297
121.5880 25.1550  1.4000  1.7376
121.5880 25.1400  1.4000  1.7607
121.5880 25.1250  1.4000  1.7854
121.5880 25.1100  1.4000  1.7941
121.5880 25.0950  1.4000  1.8063
121.5880 25.0800  1.4000  1.9335
121.5880 25.0650  1.4000  2.0250
121.5880 25.0500  1.4000  1.9663
121.5880 25.0350  1.4000  2.0171
121.5880 25.0200  1.4000  2.1700
121.5880 25.0050  1.4000  2.2725
121.5880 24.9900  1.4000  2.2444
121.5880 24.9750  1.4000  2.0362
121.6050 25.2000  1.4000  1.7400
121.6050 25.1850  1.4000  1.7373
121.6050 25.1700  1.4000  1.7297
121.6050 25.1550  1.4000  1.7272
121.6050 25.1400  1.4000  1.7319
121.6050 25.1250  1.4000  1.7405
121.6050 25.1100  1.4000  1.7496
121.6050 25.0950  1.4000  1.7697
121.6050 25.0800  1.4000  1.8313
121.6050 25.0650  1.4000  1.8803
121.6050 25.0500  1.4000  1.8836
121.6050 25.0350  1.4000  1.9197
121.6050 25.0200  1.4000  1.9870
121.6050 25.0050  1.4000  2.0262
121.6050 24.9900  1.4000  1.9957
121.6050 24.9750  1.4000  1.8885
121.3500 25.2000  1.8000  1.9800
121.3500 25.1850  1.8000  1.9800
121.3500 25.1700  1.8000  1.9800
121.3500 25.1550  1.8000  1.9800
121.3500 25.1400  1.8000  1.9800
121.3500 25.1250  1.8000  1.9800
121.3500 25.1100  1.8000  1.9800
121.3500 25.0950  1.8000  1.9800
121.3500 25.0800  1.8000  1.9800
121.3500 25.0650  1.8000  1.9800
121.3500 25.0500  1.8000  1.9800
121.3500 25.0350  1.8000  1.9800
121.3500 25.0200  1.8000  1.9800
121.3500 25.0050  1.8000  1.9800
121.3500 24.9900  1.8000  1.9800
121.3500 24.9750  1.8000  1.9800
121.3670 25.2000  1.8000  1.9800
121.3670 25.1850  1.8000  1.9800
121.3670 25.1700  1.8000  1.9800
121.3670 25.1550  1.8000  1.9800
121.3670 25.1400  1.8000  1.9800
121.3670 25.1250  1.8000  1.9800
121.3670 25.1100  1.8000  1.9800
121.3670 25.0950  1.8000  1.9800
121.3670 25.0800  1.8000  1.9800
121.3670 25.0650  1.8000  1.9800
121.3670 25.0500  1.8000  1.9800
121.3670 25.0350  1.8000  1.9800
121.3670 25.0200  1.8000  1.9800
121.3670 25.0050  1.8000  1.9800
121.3670 24.9900  1.8000  1.9800
121.3670 24.9750  1.8000  1.9800
121.3840 25.2000  1.8000  1.9800
121.3840 25.1850  1.8000  1.9800
121.3840 25.1700  1.8000  1.9782
121.3840 25.1550  1.8000  1.9741
121.3840 25.1400  1.8000  1.9691
121.3840 25.1250  1.8000  1.9675
121.3840 25.1100  1.8000  1.9707
121.3840 25.0950  1.8000  1.9740
121.3840 25.0800  1.8000  1.9748
121.3840 25.0650  1.8000  1.9718
121.3840 25.0500  1.8000  1.9664
121.3840 25.0350  1.8000  1.9617
121.3840 25.0200  1.8000  1.9618
121.3840 25.0050  1.8000  1.9631
121.3840 24.9900  1.8000  1.9656
121.3840 24.9750  1.8000  1.9739
121.4010 25.2000  1.8000  1.9800
121.4010 25.1850  1.8000  1.9800
121.4010 25.1700  1.8000  1.9754
121.4010 25.1550  1.8000  1.9675
121.4010 25.1400  1.8000  1.9612
121.4010 25.1250  1.8000  1.9665
121.4010 25.1100  1.8000  1.9793
121.4010 25.0950  1.8000  1.9797
121.4010 25.0800  1.8000  1.9666
121.4010 25.0650  1.8000  1.9481
121.4010 25.0500  1.8000  1.9342
121.4010 25.0350  1.8000  1.9260
121.4010 25.0200  1.8000  1.9414
121.4010 25.0050  1.8000  2.0351
121.4010 24.9900  1.8000  1.9964
121.4010 24.9750  1.8000  1.9715
121.4180 25.2000  1.8000  1.9800
121.4180 25.1850  1.8000  1.9800
121.4180 25.1700  1.8000  1.9738
121.4180 25.1550  1.8000  1.9653
121.4180 25.1400  1.8000  1.9681
121.4180 25.1250  1.8000  2.0036
121.4180 25.1100  1.8000  2.0458
121.4180 25.0950  1.8000  2.0169
121.4180 25.0800  1.8000  1.9426
121.4180 25.0650  1.8000  1.8750
121.4180 25.0500  1.8000  1.8709
121.4180 25.0350  1.8000  1.9158
121.4180 25.0200  1.8000  2.1031
121.4180 25.0050  1.8000  2.0826
121.4180 24.9900  1.8000  1.9691
121.4180 24.9750  1.8000  2.0066
121.4350 25.2000  1.8000  1.9800
121.4350 25.1850  1.8000  1.9800
121.4350 25.1700  1.8000  1.9755
121.4350 25.1550  1.8000  1.9700
121.4350 25.1400  1.8000  1.9935
121.4350 25.1250  1.8000  2.1200
121.4350 25.1100  1.8000  2.5869
121.4350 25.0950  1.8000  2.3616
121.4350 25.0800  1.8000  2.0221
121.4350 25.0650  1.8000  1.8058
121.4350 25.0500  1.8000  1.8678
121.4350 25.0350  1.8000  1.9335
121.4350 25.0200  1.8000  2.1738
121.4350 25.0050  1.8000  1.7643
121.4350 24.9900  1.8000  1.8553
121.4350 24.9750  1.8000  2.0370
121.4520 25.2000  1.8000  1.9800
121.4520 25.1850  1.8000  1.9800
121.4520 25.1700  1.8000  1.9762
121.4520 25.1550  1.8000  1.9662
121.4520 25.1400  1.8000  1.9843
121.4520 25.1250  1.8000  2.2315
121.4520 25.1100  1.8000  2.5177
121.4520 25.0950  1.8000  1.8621
121.4520 25.0800  1.8000  1.7507
121.4520 25.0650  1.8000  1.8686
121.4520 25.0500  1.8000  1.4248
121.4520 25.0350  1.8000  2.0293
121.4520 25.0200  1.8000  2.1960
121.4520 25.0050  1.8000  1.4165
121.4520 24.9900  1.8000  1.9745
121.4520 24.9750  1.8000  2.0645
121.4690 25.2000  1.8000  1.9800
121.4690 25.1850  1.8000  1.9800
121.4690 25.1700  1.8000  1.9721
121.4690 25.1550  1.8000  1.9400
121.4690 25.1400  1.8000  1.8206
121.4690 25.1250  1.8000  1.7889
121.4690 25.1100  1.8000  2.2527
121.4690 25.0950  1.8000  1.3309
121.4690 25.0800  1.8000  1.4956
121.4690 25.0650  1.8000  1.6907
121.4690 25.0500  1.8000  1.8180
121.4690 25.0350  1.8000  2.3277
121.4690 25.0200  1.8000  1.8502
121.4690 25.0050  1.8000  1.6046
121.4690 24.9900  1.8000  2.1775
121.4690 24.9750  1.8000  2.0724
121.4860 25.2000  1.8000  1.9800
121.4860 25.1850  1.8000  1.9800
121.4860 25.1700  1.8000  1.9705
121.4860 25.1550  1.8000  1.9312
121.4860 25.1400  1.8000  1.8207
121.4860 25.1250  1.8000  1.7300
121.4860 25.1100  1.8000  2.0248
121.4860 25.0950  1.8000  1.5839
121.4860 25.0800  1.8000  1.6357
121.4860 25.0650  1.8000  2.0028
121.4860 25.0500  1.8000  2.4424
121.4860 25.0350  1.8000  2.4350
121.4860 25.0200  1.8000  1.9004
121.4860 25.0050  1.8000  2.0829
121.4860 24.9900  1.8000  2.0400
121.4860 24.9750  1.8000  2.0544
121.5030 25.2000  1.8000  1.9800
121.5030 25.1850  1.8000  1.9800
121.5030 25.1700  1.8000  1.9768
121.5030 25.1550  1.8000  1.9645
121.5030 25.1400  1.8000  1.9524
121.5030 25.1250  1.8000  1.9261
121.5030 25.1100  1.8000  1.9640
121.5030 25.0950  1.8000  2.2524
121.5030 25.0800  1.8000  2.1615
121.5030 25.0650  1.8000  2.1689
121.5030 25.0500  1.8000  2.1434
121.5030 25.0350  1.8000  2.2848
121.5030 25.0200  1.8000  1.9674
121.5030 25.0050  1.8000  1.8829
121.5030 24.9900  1.8000  1.9775
121.5030 24.9750  1.8000  2.0901
121.5200 25.2000  1.8000  1.9800
121.5200 25.1850  1.8000  1.9800
121.5200 25.1700  1.8000  1.9816
121.5200 25.1550  1.8000  1.9912
121.5200 25.1400  1.8000  2.0681
121.5200 25.1250  1.8000  2.4333
121.5200 25.1100  1.8000  2.5219
121.5200 25.0950  1.8000  2.6040
121.5200 25.0800  1.8000  2.5497
121.5200 25.0650  1.8000  2.0862
121.5200 25.0500  1.8000  2.1719
121.5200 25.0350  1.8000  2.2082
121.5200 25.0200  1.8000  2.0993
121.5200 25.0050  1.8000  1.9972
121.5200 24.9900  1.8000  2.0908
121.5200 24.9750  1.8000  2.1041
121.5370 25.2000  1.8000  1.9800
121.5370 25.1850  1.8000  1.9800
121.5370 25.1700  1.8000  1.9784
121.5370 25.1550  1.8000  1.9898
121.5370 25.1400  1.8000  2.0509
121.5370 25.1250  1.8000  2.3795
121.5370 25.1100  1.8000  2.4563
121.5370 25.0950  1.8000  2.3256
121.5370 25.0800  1.8000  2.2887
121.5370 25.0650  1.8000  2.5133
121.5370 25.0500  1.8000  2.2148
121.5370 25.0350  1.8000  2.0899
121.5370 25.0200  1.8000  1.9769
121.5370 25.0050  1.8000  2.0003
121.5370 24.9900  1.8000  2.1925
121.5370 24.9750  1.8000  2.1039
121.5540 25.2000  1.8000  1.9800
121.5540 25.1850  1.8000  1.9800
121.5540 25.1700  1.8000  1.9725
121.5540 25.1550  1.8000  1.9731
121.5540 25.1400  1.8000  1.9938
121.5540 25.1250  1.8000  2.0359
121.5540 25.1100  1.8000  2.1037
121.5540 25.0950  1.8000  1.8387
121.5540 25.0800  1.8000  2.0347
121.5540 25.0650  1.8000  2.5540
121.5540 25.0500  1.8000  2.0018
121.5540 25.0350  1.8000  1.9823
121.5540 25.0200  1.8000  2.0839
121.5540 25.0050  1.8000  1.9065
121.5540 24.9900  1.8000  2.1499
121.5540 24.9750  1.8000  2.1002
121.5710 25.2000  1.8000  1.9800
121.5710 25.1850  1.8000  1.9800
121.5710 25.1700  1.8000  1.9711
121.5710 25.1550  1.8000  1.9657
121.5710 25.1400  1.8000  1.9693
121.5710 25.1250  1.8000  1.9805
121.5710 25.1100  1.8000  1.9893
121.5710 25.0950  1.8000  1.8929
121.5710 25.0800  1.8000  2.0761
121.5710 25.0650  1.8000  2.2902
121.5710 25.0500  1.8000  1.9104
121.5710 25.0350  1.8000  2.0011
121.5710 25.0200  1.8000  2.2311
121.5710 25.0050  1.8000  2.1798
121.5710 24.9900  1.8000  2.1888
121.5710 24.9750  1.8000  2.0998
121.5880 25.2000  1.8000  1.9800
121.5880 25.1850  1.8000  1.9800
121.5880 25.1700  1.8000  1.9737
121.5880 25.1550  1.8000  1.9681
121.5880 25.1400  1.8000  1.9665
121.5880 25.1250  1.8000  1.9690
121.5880 25.1100  1.8000  1.9698
121.5880 25.0950  1.8000  1.9883
121.5880 25.0800  1.8000  2.0822
121.5880 25.0650  1.8000  2.1094
121.5880 25.0500  1.8000  2.0703
121.5880 25.0350  1.8000  2.0781
121.5880 25.0200  1.8000  2.1449
121.5880 25.0050  1.8000  2.2343
121.5880 24.9900  1.8000  2.2268
121.5880 24.9750  1.8000  2.0375
121.6050 25.2000  1.8000  1.9800
121.6050 25.1850  1.8000  1.9800
121.6050 25.1700  1.8000  1.9773
121.6050 25.1550  1.8000  1.9742
121.6050 25.1400  1.8000  1.9725
121.6050 25.1250  1.8000  1.9726
121.6050 25.1100  1.8000  1.9733
121.6050 25.0950  1.8000  1.9758
121.6050 25.0800  1.8000  1.9915
121.6050 25.0650  1.8000  2.0035
121.6050 25.0500  1.8000  2.0026
121.6050 25.0350  1.8000  2.0073
121.6050 25.0200  1.8000  2.0131
121.6050 25.0050  1.8000  2.0166
121.6050 24.9900  1.8000  2.0087
121.6050 24.9750  1.8000  1.9925
