  0.0  0.2  0.4  0.6  0.8  1.1  1.4  1.8  2.5
  0.900  0.900  0.900  0.900  0.900  0.900  0.900  0.900  0.900  0.900  0.900  0.900  0.900  0.900  0.900  0.900  0.900  0.900
  0.900  0.900  0.900  0.900  0.900  0.900  0.900  0.900  0.900  0.900  0.900  0.900  0.900  0.900  0.900  0.900  0.900  0.900
  0.900  0.900  0.900  0.900  0.900  0.900  0.900  0.900  0.900  0.900  0.900  0.900  0.900  0.900  0.900  0.900  0.900  0.900
  0.900  0.900  0.900  0.900  0.900  0.900  0.900  0.900  0.900  0.900  0.900  0.900  0.900  0.900  0.900  0.900  0.900  0.900
  0.900  0.900  0.900  0.900  0.900  0.900  0.900  0.900  0.900  0.900  0.900  0.900  0.900  0.900  0.900  0.900  0.900  0.900
  0.900  0.900  0.900  0.900  0.900  0.900  0.900  0.900  0.900  0.900  0.900  0.900  0.900  0.900  0.900  0.900  0.900  0.900
  0.900  0.900  0.900  0.900  0.900  0.900  0.900  0.900  0.900  0.900  0.900  0.900  0.900  0.900  0.900  0.900  0.900  0.900
  0.900  0.900  0.900  0.900  0.900  0.900  0.900  0.900  0.900  0.900  0.900  0.900  0.900  0.900  0.900  0.900  0.900  0.900
  0.900  0.900  0.900  0.900  0.900  0.900  0.900  0.900  0.900  0.900  0.900  0.900  0.900  0.900  0.900  0.900  0.900  0.900
  0.900  0.900  0.900  0.900  0.900  0.900  0.900  0.900  0.900  0.900  0.900  0.900  0.900  0.900  0.900  0.900  0.900  0.900
  0.900  0.900  0.900  0.900  0.900  0.900  0.900  0.900  0.900  0.900  0.900  0.900  0.900  0.900  0.900  0.900  0.900  0.900
  0.900  0.900  0.900  0.900  0.900  0.900  0.900  0.900  0.900  0.900  0.900  0.900  0.900  0.900  0.900  0.900  0.900  0.900
  0.900  0.900  0.900  0.900  0.900  0.900  0.900  0.900  0.900  0.900  0.900  0.900  0.900  0.900  0.900  0.900  0.900  0.900
  0.900  0.900  0.900  0.900  0.900  0.900  0.900  0.900  0.900  0.900  0.900  0.900  0.900  0.900  0.900  0.900  0.900  0.900
  0.900  0.900  0.900  0.900  0.900  0.900  0.900  0.900  0.900  0.900  0.900  0.900  0.900  0.900  0.900  0.900  0.900  0.900
  0.900  0.900  0.900  0.900  0.900  0.900  0.900  0.900  0.900  0.900  0.900  0.900  0.900  0.900  0.900  0.900  0.900  0.900
  0.900  0.900  0.900  0.900  0.900  0.900  0.900  0.900  0.900  0.900  0.900  0.900  0.900  0.900  0.900  0.900  0.900  0.900
  0.900  0.900  0.900  0.900  0.900  0.900  0.900  0.900  0.900  0.900  0.900  0.900  0.900  0.900  0.900  0.900  0.900  0.900
  1.020  1.020  1.020  1.020  1.020  1.020  1.020  1.020  1.020  1.020  1.020  1.020  1.020  1.020  1.020  1.020  1.020  1.020
  1.020  1.020  1.020  1.020  1.020  1.020  1.020  1.020  1.020  1.020  1.020  1.020  1.020  1.020  1.020  1.020  1.020  1.020
  1.020  1.020  1.020  1.020  1.020  1.020  1.020  1.020  1.020  1.020  1.020  1.020  1.020  1.020  1.020  1.020  1.020  1.020
  1.020  1.020  1.020  1.020  1.020  1.020  1.020  1.020  1.020  1.020  1.020  1.020  1.020  1.020  1.020  1.020  1.020  1.020
  1.020  1.020  1.020  1.020  1.020  1.020  1.020  1.020  1.020  1.020  1.020  1.020  1.020  1.020  1.020  1.020  1.020  1.020
  1.020  1.020  1.020  1.020  1.020  1.020  1.020  1.020  1.020  1.020  1.020  1.020  1.020  1.020  1.020  1.020  1.020  1.020
  1.020  1.020  1.020  1.020  1.020  1.020  1.020  1.020  1.020  1.020  1.020  1.020  1.020  1.020  1.020  1.020  1.020  1.020
  1.020  1.020  1.020  1.020  1.020  1.020  1.020  1.020  1.020  1.020  1.020  1.020  1.020  1.020  1.020  1.020  1.020  1.020
  1.020  1.020  1.020  1.020  1.020  1.020  1.020  1.020  1.020  1.020  1.020  1.020  1.020  1.020  1.020  1.020  1.020  1.020
  1.020  1.020  1.020  1.020  1.020  1.020  1.020  1.020  1.020  1.020  1.020  1.020  1.020  1.020  1.020  1.020  1.020  1.020
  1.020  1.020  1.020  1.020  1.020  1.020  1.020  1.020  1.020  1.020  1.020  1.020  1.020  1.020  1.020  1.020  1.020  1.020
  1.020  1.020  1.020  1.020  1.020  1.020  1.020  1.020  1.020  1.020  1.020  1.020  1.020  1.020  1.020  1.020  1.020  1.020
  1.020  1.020  1.020  1.020  1.020  1.020  1.020  1.020  1.020  1.020  1.020  1.020  1.020  1.020  1.020  1.020  1.020  1.020
  1.020  1.020  1.020  1.020  1.020  1.020  1.020  1.020  1.020  1.020  1.020  1.020  1.020  1.020  1.020  1.020  1.020  1.020
  1.020  1.020  1.020  1.020  1.020  1.020  1.020  1.020  1.020  1.020  1.020  1.020  1.020  1.020  1.020  1.020  1.020  1.020
  1.020  1.020  1.020  1.020  1.020  1.020  1.020  1.020  1.020  1.020  1.020  1.020  1.020  1.020  1.020  1.020  1.020  1.020
  1.020  1.020  1.020  1.020  1.020  1.020  1.020  1.020  1.020  1.020  1.020  1.020  1.020  1.020  1.020  1.020  1.020  1.020
  1.020  1.020  1.020  1.020  1.020  1.020  1.020  1.020  1.020  1.020  1.020  1.020  1.020  1.020  1.020  1.020  1.020  1.020
  1.140  1.140  1.140  1.140  1.140  1.140  1.140  1.140  1.140  1.140  1.140  1.140  1.140  1.140  1.140  1.140  1.140  1.140
  1.140  1.140  1.140  1.140  1.140  1.140  1.140  1.140  1.140  1.140  1.140  1.140  1.140  1.140  1.140  1.140  1.140  1.140
  1.140  1.140  1.140  1.140  1.140  1.140  1.140  1.140  1.140  1.140  1.140  1.140  1.140  1.140  1.140  1.140  1.140  1.140
  1.140  1.140  1.140  1.140  1.140  1.140  1.140  1.140  1.140  1.140  1.140  1.140  1.140  1.140  1.140  1.140  1.140  1.140
  1.140  1.140  1.140  1.140  1.140  1.140  1.140  1.140  1.140  1.140  1.140  1.140  1.140  1.140  1.140  1.140  1.140  1.140
  1.140  1.140  1.140  1.140  1.140  1.140  1.140  1.140  1.140  1.140  1.140  1.140  1.140  1.140  1.140  1.140  1.140  1.140
  1.140  1.140  1.140  1.140  1.140  1.140  1.140  1.140  1.140  1.140  1.140  1.140  1.140  1.140  1.140  1.140  1.140  1.140
  1.140  1.140  1.140  1.140  1.140  1.140  1.140  1.140  1.140  1.140  1.140  1.140  1.140  1.140  1.140  1.140  1.140  1.140
  1.140  1.140  1.140  1.140  1.140  1.140  1.140  1.140  1.140  1.140  1.140  1.140  1.140  1.140  1.140  1.140  1.140  1.140
  1.140  1.140  1.140  1.140  1.140  1.140  1.140  1.140  1.140  1.140  1.140  1.140  1.140  1.140  1.140  1.140  1.140  1.140
  1.140  1.140  1.140  1.140  1.140  1.140  1.140  1.140  1.140  1.140  1.140  1.140  1.140  1.140  1.140  1.140  1.140  1.140
  1.140  1.140  1.140  1.140  1.140  1.140  1.140  1.140  1.140  1.140  1.140  1.140  1.140  1.140  1.140  1.140  1.140  1.140
  1.140  1.140  1.140  1.140  1.140  1.140  1.140  1.140  1.140  1.140  1.140  1.140  1.140  1.140  1.140  1.140  1.140  1.140
  1.140  1.140  1.140  1.140  1.140  1.140  1.140  1.140  1.140  1.140  1.140  1.140  1.140  1.140  1.140  1.140  1.140  1.140
  1.140  1.140  1.140  1.140  1.140  1.140  1.140  1.140  1.140  1.140  1.140  1.140  1.140  1.140  1.140  1.140  1.140  1.140
  1.140  1.140  1.140  1.140  1.140  1.140  1.140  1.140  1.140  1.140  1.140  1.140  1.140  1.140  1.140  1.140  1.140  1.140
  1.140  1.140  1.140  1.140  1.140  1.140  1.140  1.140  1.140  1.140  1.140  1.140  1.140  1.140  1.140  1.140  1.140  1.140
  1.140  1.140  1.140  1.140  1.140  1.140  1.140  1.140  1.140  1.140  1.140  1.140  1.140  1.140  1.140  1.140  1.140  1.140
  1.260  1.260  1.260  1.260  1.260  1.260  1.260  1.260  1.260  1.260  1.260  1.260  1.260  1.260  1.260  1.260  1.260  1.260
  1.260  1.260  1.260  1.260  1.260  1.260  1.260  1.260  1.260  1.260  1.260  1.260  1.260  1.260  1.260  1.260  1.260  1.260
  1.260  1.260  1.260  1.260  1.260  1.260  1.260  1.260  1.260  1.260  1.260  1.260  1.260  1.260  1.260  1.260  1.260  1.260
  1.260  1.260  1.260  1.260  1.260  1.260  1.260  1.260  1.260  1.260  1.260  1.260  1.260  1.260  1.260  1.260  1.260  1.260
  1.260  1.260  1.260  1.260  1.260  1.260  1.260  1.260  1.260  1.260  1.260  1.260  1.260  1.260  1.260  1.260  1.260  1.260
  1.260  1.260  1.260  1.260  1.260  1.260  1.260  1.260  1.260  1.260  1.260  1.260  1.260  1.260  1.260  1.260  1.260  1.260
  1.260  1.260  1.260  1.260  1.260  1.260  1.260  1.260  1.260  1.260  1.260  1.260  1.260  1.260  1.260  1.260  1.260  1.260
  1.260  1.260  1.260  1.260  1.260  1.260  1.260  1.260  1.260  1.260  1.260  1.260  1.260  1.260  1.260  1.260  1.260  1.260
  1.260  1.260  1.260  1.260  1.260  1.260  1.260  1.260  1.260  1.260  1.260  1.260  1.260  1.260  1.260  1.260  1.260  1.260
  1.260  1.260  1.260  1.260  1.260  1.260  1.260  1.260  1.260  1.260  1.260  1.260  1.260  1.260  1.260  1.260  1.260  1.260
  1.260  1.260  1.260  1.260  1.260  1.260  1.260  1.260  1.260  1.260  1.260  1.260  1.260  1.260  1.260  1.260  1.260  1.260
  1.260  1.260  1.260  1.260  1.260  1.260  1.260  1.260  1.260  1.260  1.260  1.260  1.260  1.260  1.260  1.260  1.260  1.260
  1.260  1.260  1.260  1.260  1.260  1.260  1.260  1.260  1.260  1.260  1.260  1.260  1.260  1.260  1.260  1.260  1.260  1.260
  1.260  1.260  1.260  1.260  1.260  1.260  1.260  1.260  1.260  1.260  1.260  1.260  1.260  1.260  1.260  1.260  1.260  1.260
  1.260  1.260  1.260  1.260  1.260  1.260  1.260  1.260  1.260  1.260  1.260  1.260  1.260  1.260  1.260  1.260  1.260  1.260
  1.260  1.260  1.260  1.260  1.260  1.260  1.260  1.260  1.260  1.260  1.260  1.260  1.260  1.260  1.260  1.260  1.260  1.260
  1.260  1.260  1.260  1.260  1.260  1.260  1.260  1.260  1.260  1.260  1.260  1.260  1.260  1.260  1.260  1.260  1.260  1.260
  1.260  1.260  1.260  1.260  1.260  1.260  1.260  1.260  1.260  1.260  1.260  1.260  1.260  1.260  1.260  1.260  1.260  1.260
  1.380  1.380  1.380  1.380  1.380  1.380  1.380  1.380  1.380  1.380  1.380  1.380  1.380  1.380  1.380  1.380  1.380  1.380
  1.380  1.380  1.380  1.380  1.380  1.380  1.380  1.380  1.380  1.380  1.380  1.380  1.380  1.380  1.380  1.380  1.380  1.380
  1.380  1.380  1.380  1.380  1.380  1.380  1.380  1.380  1.380  1.380  1.380  1.380  1.380  1.380  1.380  1.380  1.380  1.380
  1.380  1.380  1.380  1.380  1.380  1.380  1.380  1.380  1.380  1.380  1.380  1.380  1.380  1.380  1.380  1.380  1.380  1.380
  1.380  1.380  1.380  1.380  1.380  1.380  1.380  1.380  1.380  1.380  1.380  1.380  1.380  1.380  1.380  1.380  1.380  1.380
  1.380  1.380  1.380  1.380  1.380  1.380  1.380  1.380  1.380  1.380  1.380  1.380  1.380  1.380  1.380  1.380  1.380  1.380
  1.380  1.380  1.380  1.380  1.380  1.380  1.380  1.380  1.380  1.380  1.380  1.380  1.380  1.380  1.380  1.380  1.380  1.380
  1.380  1.380  1.380  1.380  1.380  1.380  1.380  1.380  1.380  1.380  1.380  1.380  1.380  1.380  1.380  1.380  1.380  1.380
  1.380  1.380  1.380  1.380  1.380  1.380  1.380  1.380  1.380  1.380  1.380  1.380  1.380  1.380  1.380  1.380  1.380  1.380
  1.380  1.380  1.380  1.380  1.380  1.380  1.380  1.380  1.380  1.380  1.380  1.380  1.380  1.380  1.380  1.380  1.380  1.380
  1.380  1.380  1.380  1.380  1.380  1.380  1.380  1.380  1.380  1.380  1.380  1.380  1.380  1.380  1.380  1.380  1.380  1.380
  1.380  1.380  1.380  1.380  1.380  1.380  1.380  1.380  1.380  1.380  1.380  1.380  1.380  1.380  1.380  1.380  1.380  1.380
  1.380  1.380  1.380  1.380  1.380  1.380  1.380  1.380  1.380  1.380  1.380  1.380  1.380  1.380  1.380  1.380  1.380  1.380
  1.380  1.380  1.380  1.380  1.380  1.380  1.380  1.380  1.380  1.380  1.380  1.380  1.380  1.380  1.380  1.380  1.380  1.380
  1.380  1.380  1.380  1.380  1.380  1.380  1.380  1.380  1.380  1.380  1.380  1.380  1.380  1.380  1.380  1.380  1.380  1.380
  1.380  1.380  1.380  1.380  1.380  1.380  1.380  1.380  1.380  1.380  1.380  1.380  1.380  1.380  1.380  1.380  1.380  1.380
  1.380  1.380  1.380  1.380  1.380  1.380  1.380  1.380  1.380  1.380  1.380  1.380  1.380  1.380  1.380  1.380  1.380  1.380
  1.380  1.380  1.380  1.380  1.380  1.380  1.380  1.380  1.380  1.380  1.380  1.380  1.380  1.380  1.380  1.380  1.380  1.380
  1.560  1.560  1.560  1.560  1.560  1.560  1.560  1.560  1.560  1.560  1.560  1.560  1.560  1.560  1.560  1.560  1.560  1.560
  1.560  1.560  1.560  1.560  1.560  1.560  1.560  1.560  1.560  1.560  1.560  1.560  1.560  1.560  1.560  1.560  1.560  1.560
  1.560  1.560  1.560  1.560  1.560  1.560  1.560  1.560  1.560  1.560  1.560  1.560  1.560  1.560  1.560  1.560  1.560  1.560
  1.560  1.560  1.560  1.560  1.560  1.560  1.560  1.560  1.560  1.560  1.560  1.560  1.560  1.560  1.560  1.560  1.560  1.560
  1.560  1.560  1.560  1.560  1.560  1.560  1.560  1.560  1.560  1.560  1.560  1.560  1.560  1.560  1.560  1.560  1.560  1.560
  1.560  1.560  1.560  1.560  1.560  1.560  1.560  1.560  1.560  1.560  1.560  1.560  1.560  1.560  1.560  1.560  1.560  1.560
  1.560  1.560  1.560  1.560  1.560  1.560  1.560  1.560  1.560  1.560  1.560  1.560  1.560  1.560  1.560  1.560  1.560  1.560
  1.560  1.560  1.560  1.560  1.560  1.560  1.560  1.560  1.560  1.560  1.560  1.560  1.560  1.560  1.560  1.560  1.560  1.560
  1.560  1.560  1.560  1.560  1.560  1.560  1.560  1.560  1.560  1.560  1.560  1.560  1.560  1.560  1.560  1.560  1.560  1.560
  1.560  1.560  1.560  1.560  1.560  1.560  1.560  1.560  1.560  1.560  1.560  1.560  1.560  1.560  1.560  1.560  1.560  1.560
  1.560  1.560  1.560  1.560  1.560  1.560  1.560  1.560  1.560  1.560  1.560  1.560  1.560  1.560  1.560  1.560  1.560  1.560
  1.560  1.560  1.560  1.560  1.560  1.560  1.560  1.560  1.560  1.560  1.560  1.560  1.560  1.560  1.560  1.560  1.560  1.560
  1.560  1.560  1.560  1.560  1.560  1.560  1.560  1.560  1.560  1.560  1.560  1.560  1.560  1.560  1.560  1.560  1.560  1.560
  1.560  1.560  1.560  1.560  1.560  1.560  1.560  1.560  1.560  1.560  1.560  1.560  1.560  1.560  1.560  1.560  1.560  1.560
  1.560  1.560  1.560  1.560  1.560  1.560  1.560  1.560  1.560  1.560  1.560  1.560  1.560  1.560  1.560  1.560  1.560  1.560
  1.560  1.560  1.560  1.560  1.560  1.560  1.560  1.560  1.560  1.560  1.560  1.560  1.560  1.560  1.560  1.560  1.560  1.560
  1.560  1.560  1.560  1.560  1.560  1.560  1.560  1.560  1.560  1.560  1.560  1.560  1.560  1.560  1.560  1.560  1.560  1.560
  1.560  1.560  1.560  1.560  1.560  1.560  1.560  1.560  1.560  1.560  1.560  1.560  1.560  1.560  1.560  1.560  1.560  1.560
  1.740  1.740  1.740  1.740  1.740  1.740  1.740  1.740  1.740  1.740  1.740  1.740  1.740  1.740  1.740  1.740  1.740  1.740
  1.740  1.740  1.740  1.740  1.740  1.740  1.740  1.740  1.740  1.740  1.740  1.740  1.740  1.740  1.740  1.740  1.740  1.740
  1.740  1.740  1.740  1.740  1.740  1.740  1.740  1.740  1.740  1.740  1.740  1.740  1.740  1.740  1.740  1.740  1.740  1.740
  1.740  1.740  1.740  1.740  1.740  1.740  1.740  1.740  1.740  1.740  1.740  1.740  1.740  1.740  1.740  1.740  1.740  1.740
  1.740  1.740  1.740  1.740  1.740  1.740  1.740  1.740  1.740  1.740  1.740  1.740  1.740  1.740  1.740  1.740  1.740  1.740
  1.740  1.740  1.740  1.740  1.740  1.740  1.740  1.740  1.740  1.740  1.740  1.740  1.740  1.740  1.740  1.740  1.740  1.740
  1.740  1.740  1.740  1.740  1.740  1.740  1.740  1.740  1.740  1.740  1.740  1.740  1.740  1.740  1.740  1.740  1.740  1.740
  1.740  1.740  1.740  1.740  1.740  1.740  1.740  1.740  1.740  1.740  1.740  1.740  1.740  1.740  1.740  1.740  1.740  1.740
  1.740  1.740  1.740  1.740  1.740  1.740  1.740  1.740  1.740  1.740  1.740  1.740  1.740  1.740  1.740  1.740  1.740  1.740
  1.740  1.740  1.740  1.740  1.740  1.740  1.740  1.740  1.740  1.740  1.740  1.740  1.740  1.740  1.740  1.740  1.740  1.740
  1.740  1.740  1.740  1.740  1.740  1.740  1.740  1.740  1.740  1.740  1.740  1.740  1.740  1.740  1.740  1.740  1.740  1.740
  1.740  1.740  1.740  1.740  1.740  1.740  1.740  1.740  1.740  1.740  1.740  1.740  1.740  1.740  1.740  1.740  1.740  1.740
  1.740  1.740  1.740  1.740  1.740  1.740  1.740  1.740  1.740  1.740  1.740  1.740  1.740  1.740  1.740  1.740  1.740  1.740
  1.740  1.740  1.740  1.740  1.740  1.740  1.740  1.740  1.740  1.740  1.740  1.740  1.740  1.740  1.740  1.740  1.740  1.740
  1.740  1.740  1.740  1.740  1.740  1.740  1.740  1.740  1.740  1.740  1.740  1.740  1.740  1.740  1.740  1.740  1.740  1.740
  1.740  1.740  1.740  1.740  1.740  1.740  1.740  1.740  1.740  1.740  1.740  1.740  1.740  1.740  1.740  1.740  1.740  1.740
  1.740  1.740  1.740  1.740  1.740  1.740  1.740  1.740  1.740  1.740  1.740  1.740  1.740  1.740  1.740  1.740  1.740  1.740
  1.740  1.740  1.740  1.740  1.740  1.740  1.740  1.740  1.740  1.740  1.740  1.740  1.740  1.740  1.740  1.740  1.740  1.740
  1.980  1.980  1.980  1.980  1.980  1.980  1.980  1.980  1.980  1.980  1.980  1.980  1.980  1.980  1.980  1.980  1.980  1.980
  1.980  1.980  1.980  1.980  1.980  1.980  1.980  1.980  1.980  1.980  1.980  1.980  1.980  1.980  1.980  1.980  1.980  1.980
  1.980  1.980  1.980  1.980  1.980  1.980  1.980  1.980  1.980  1.980  1.980  1.980  1.980  1.980  1.980  1.980  1.980  1.980
  1.980  1.980  1.980  1.980  1.980  1.980  1.980  1.980  1.980  1.980  1.980  1.980  1.980  1.980  1.980  1.980  1.980  1.980
  1.980  1.980  1.980  1.980  1.980  1.980  1.980  1.980  1.980  1.980  1.980  1.980  1.980  1.980  1.980  1.980  1.980  1.980
  1.980  1.980  1.980  1.980  1.980  1.980  1.980  1.980  1.980  1.980  1.980  1.980  1.980  1.980  1.980  1.980  1.980  1.980
  1.980  1.980  1.980  1.980  1.980  1.980  1.980  1.980  1.980  1.980  1.980  1.980  1.980  1.980  1.980  1.980  1.980  1.980
  1.980  1.980  1.980  1.980  1.980  1.980  1.980  1.980  1.980  1.980  1.980  1.980  1.980  1.980  1.980  1.980  1.980  1.980
  1.980  1.980  1.980  1.980  1.980  1.980  1.980  1.980  1.980  1.980  1.980  1.980  1.980  1.980  1.980  1.980  1.980  1.980
  1.980  1.980  1.980  1.980  1.980  1.980  1.980  1.980  1.980  1.980  1.980  1.980  1.980  1.980  1.980  1.980  1.980  1.980
  1.980  1.980  1.980  1.980  1.980  1.980  1.980  1.980  1.980  1.980  1.980  1.980  1.980  1.980  1.980  1.980  1.980  1.980
  1.980  1.980  1.980  1.980  1.980  1.980  1.980  1.980  1.980  1.980  1.980  1.980  1.980  1.980  1.980  1.980  1.980  1.980
  1.980  1.980  1.980  1.980  1.980  1.980  1.980  1.980  1.980  1.980  1.980  1.980  1.980  1.980  1.980  1.980  1.980  1.980
  1.980  1.980  1.980  1.980  1.980  1.980  1.980  1.980  1.980  1.980  1.980  1.980  1.980  1.980  1.980  1.980  1.980  1.980
  1.980  1.980  1.980  1.980  1.980  1.980  1.980  1.980  1.980  1.980  1.980  1.980  1.980  1.980  1.980  1.980  1.980  1.980
  1.980  1.980  1.980  1.980  1.980  1.980  1.980  1.980  1.980  1.980  1.980  1.980  1.980  1.980  1.980  1.980  1.980  1.980
  1.980  1.980  1.980  1.980  1.980  1.980  1.980  1.980  1.980  1.980  1.980  1.980  1.980  1.980  1.980  1.980  1.980  1.980
  1.980  1.980  1.980  1.980  1.980  1.980  1.980  1.980  1.980  1.980  1.980  1.980  1.980  1.980  1.980  1.980  1.980  1.980
  2.400  2.400  2.400  2.400  2.400  2.400  2.400  2.400  2.400  2.400  2.400  2.400  2.400  2.400  2.400  2.400  2.400  2.400
  2.400  2.400  2.400  2.400  2.400  2.400  2.400  2.400  2.400  2.400  2.400  2.400  2.400  2.400  2.400  2.400  2.400  2.400
  2.400  2.400  2.400  2.400  2.400  2.400  2.400  2.400  2.400  2.400  2.400  2.400  2.400  2.400  2.400  2.400  2.400  2.400
  2.400  2.400  2.400  2.400  2.400  2.400  2.400  2.400  2.400  2.400  2.400  2.400  2.400  2.400  2.400  2.400  2.400  2.400
  2.400  2.400  2.400  2.400  2.400  2.400  2.400  2.400  2.400  2.400  2.400  2.400  2.400  2.400  2.400  2.400  2.400  2.400
  2.400  2.400  2.400  2.400  2.400  2.400  2.400  2.400  2.400  2.400  2.400  2.400  2.400  2.400  2.400  2.400  2.400  2.400
  2.400  2.400  2.400  2.400  2.400  2.400  2.400  2.400  2.400  2.400  2.400  2.400  2.400  2.400  2.400  2.400  2.400  2.400
  2.400  2.400  2.400  2.400  2.400  2.400  2.400  2.400  2.400  2.400  2.400  2.400  2.400  2.400  2.400  2.400  2.400  2.400
  2.400  2.400  2.400  2.400  2.400  2.400  2.400  2.400  2.400  2.400  2.400  2.400  2.400  2.400  2.400  2.400  2.400  2.400
  2.400  2.400  2.400  2.400  2.400  2.400  2.400  2.400  2.400  2.400  2.400  2.400  2.400  2.400  2.400  2.400  2.400  2.400
  2.400  2.400  2.400  2.400  2.400  2.400  2.400  2.400  2.400  2.400  2.400  2.400  2.400  2.400  2.400  2.400  2.400  2.400
  2.400  2.400  2.400  2.400  2.400  2.400  2.400  2.400  2.400  2.400  2.400  2.400  2.400  2.400  2.400  2.400  2.400  2.400
  2.400  2.400  2.400  2.400  2.400  2.400  2.400  2.400  2.400  2.400  2.400  2.400  2.400  2.400  2.400  2.400  2.400  2.400
  2.400  2.400  2.400  2.400  2.400  2.400  2.400  2.400  2.400  2.400  2.400  2.400  2.400  2.400  2.400  2.400  2.400  2.400
  2.400  2.400  2.400  2.400  2.400  2.400  2.400  2.400  2.400  2.400  2.400  2.400  2.400  2.400  2.400  2.400  2.400  2.400
  2.400  2.400  2.400  2.400  2.400  2.400  2.400  2.400  2.400  2.400  2.400  2.400  2.400  2.400  2.400  2.400  2.400  2.400
  2.400  2.400  2.400  2.400  2.400  2.400  2.400  2.400  2.400  2.400  2.400  2.400  2.400  2.400  2.400  2.400  2.400  2.400
  2.400  2.400  2.400  2.400  2.400  2.400  2.400  2.400  2.400  2.400  2.400  2.400  2.400  2.400  2.400  2.400  2.400  2.400
