#  25.148500 121.511100 1 2 0
 25.158529 121.476890 0.7990
 25.133539 121.499190 1.0420
#  25.158529 121.476890 1 2 0
 25.119850 121.473190 0.6460
#  25.128920 121.417420 1 2 0
 25.119850 121.473190 0.9430
#  25.119850 121.473190 1 2 0
 25.090361 121.462250 0.8280
 25.083694 121.435220 1.0870
 25.133539 121.499190 1.3910
 25.102119 121.515930 1.2950
#  25.090361 121.462250 1 2 0
 25.083694 121.435220 1.3240
 25.061472 121.431140 0.7490
#  25.083694 121.435220 1 2 0
 25.065750 121.477750 0.6220
 25.061472 121.431140 0.8190
#  25.133539 121.499190 1 2 0
 25.102119 121.515930 0.8970
#  25.102119 121.515930 1 2 0
 25.106000 121.564030 2.0770
 25.065750 121.477750 1.4200
 25.064800 121.556200 1.0160
 25.034278 121.493670 1.2660
 25.034611 121.442190 1.0520
#  25.106000 121.564030 1 2 0
 25.034278 121.493670 1.3540
#  25.065750 121.477750 1 2 0
 25.061472 121.431140 0.7260
 25.034278 121.493670 0.9350
 25.019000 121.474190 1.3410
 25.014722 121.510670 0.8920
#  25.064800 121.556200 1 2 0
 25.053694 121.515720 1.2260
 24.999536 121.568640 2.1040
#  25.053694 121.515720 1 2 0
 25.061472 121.431140 0.9620
 25.034278 121.493670 0.8010
 25.019000 121.474190 1.0140
 25.014722 121.510670 1.8050
#  25.061472 121.431140 1 2 0
 25.034611 121.442190 0.7710
 25.019000 121.474190 0.8100
 25.010056 121.387470 0.9020
#  25.034278 121.493670 1 2 0
 25.034611 121.442190 1.0700
 25.019000 121.474190 0.8330
 25.014722 121.510670 0.9490
 24.997722 121.442690 0.8750
#  25.034611 121.442190 1 2 0
 25.019000 121.474190 1.3920
 25.014722 121.510670 0.8100
 24.997722 121.442690 0.8570
 25.010056 121.387470 1.0690
#  25.019000 121.474190 1 2 0
 25.014722 121.510670 0.8010
 24.997722 121.442690 0.8130
#  24.997722 121.442690 1 2 0
 25.010056 121.387470 0.8300
#  25.148500 121.511100 2 2 0
 25.158529 121.476890 0.8220
 25.133539 121.499190 1.0550
#  25.158529 121.476890 2 2 0
 25.119850 121.473190 0.6540
#  25.128920 121.417420 2 2 0
 25.119850 121.473190 0.9620
#  25.119850 121.473190 2 2 0
 25.090361 121.462250 0.8490
 25.083694 121.435220 1.0800
 25.133539 121.499190 1.4340
 25.102119 121.515930 1.3150
#  25.090361 121.462250 2 2 0
 25.083694 121.435220 1.2970
 25.061472 121.431140 0.7400
#  25.083694 121.435220 2 2 0
 25.065750 121.477750 0.6410
 25.061472 121.431140 0.8540
#  25.133539 121.499190 2 2 0
 25.102119 121.515930 0.9380
 25.053694 121.515720 1.8850
#  25.102119 121.515930 2 2 0
 25.106000 121.564030 2.1020
 25.065750 121.477750 1.4200
 25.064800 121.556200 1.0540
 25.034278 121.493670 1.2450
 25.034611 121.442190 1.0740
#  25.106000 121.564030 2 2 0
 25.034278 121.493670 1.3510
#  25.065750 121.477750 2 2 0
 25.061472 121.431140 0.7140
 25.034278 121.493670 0.9300
 25.019000 121.474190 1.4240
 25.014722 121.510670 0.9190
 25.010056 121.387470 0.9460
#  25.064800 121.556200 2 2 0
 25.053694 121.515720 1.3200
 24.999536 121.568640 2.0700
#  25.053694 121.515720 2 2 0
 25.061472 121.431140 0.9710
 25.034278 121.493670 0.7820
 25.019000 121.474190 1.0230
 25.014722 121.510670 1.8880
#  25.061472 121.431140 2 2 0
 25.034611 121.442190 0.7740
 25.019000 121.474190 0.8050
 25.010056 121.387470 0.9030
#  25.034278 121.493670 2 2 0
 25.034611 121.442190 1.1330
 25.019000 121.474190 0.8710
 25.014722 121.510670 0.9530
 24.997722 121.442690 0.8950
#  25.034611 121.442190 2 2 0
 25.019000 121.474190 1.4040
 25.014722 121.510670 0.8190
 24.997722 121.442690 0.8690
 25.010056 121.387470 1.0670
#  25.019000 121.474190 2 2 0
 25.014722 121.510670 0.8390
 24.997722 121.442690 0.8100
#  24.997722 121.442690 2 2 0
 25.010056 121.387470 0.8260
#  25.148500 121.511100 3 2 0
 25.158529 121.476890 0.8560
 25.102119 121.515930 1.3040
#  25.158529 121.476890 3 2 0
 25.119850 121.473190 0.6820
 25.102119 121.515930 0.9360
 25.106000 121.564030 1.2240
#  25.128920 121.417420 3 2 0
 25.119850 121.473190 0.9620
#  25.119850 121.473190 3 2 0
 25.090361 121.462250 0.8790
 25.083694 121.435220 1.1060
 25.133539 121.499190 1.3640
 25.102119 121.515930 1.3440
#  25.090361 121.462250 3 2 0
 25.083694 121.435220 1.2160
 25.061472 121.431140 0.7470
 25.019000 121.474190 0.9010
#  25.083694 121.435220 3 2 0
 25.133539 121.499190 0.6210
 25.102119 121.515930 1.1430
 25.065750 121.477750 0.6610
 25.061472 121.431140 0.9430
#  25.133539 121.499190 3 2 0
 25.102119 121.515930 0.9210
 25.064800 121.556200 1.1210
 25.053694 121.515720 1.9080
#  25.102119 121.515930 3 2 0
 25.106000 121.564030 2.0350
 25.065750 121.477750 1.4340
 25.064800 121.556200 1.0570
 25.053694 121.515720 1.5640
 25.034278 121.493670 1.2750
 25.034611 121.442190 1.0910
#  25.106000 121.564030 3 2 0
 25.053694 121.515720 1.4480
 25.034278 121.493670 1.3580
#  25.065750 121.477750 3 2 0
 25.053694 121.515720 1.0270
 25.061472 121.431140 0.7410
 25.034278 121.493670 0.9540
 25.019000 121.474190 1.4070
 25.014722 121.510670 0.9340
 25.010056 121.387470 0.9560
#  25.064800 121.556200 3 2 0
 25.053694 121.515720 1.3190
 24.999536 121.568640 2.0590
#  25.053694 121.515720 3 2 0
 25.061472 121.431140 0.9950
 25.034278 121.493670 0.7960
 25.019000 121.474190 1.0270
 25.014722 121.510670 1.8300
#  25.061472 121.431140 3 2 0
 25.034611 121.442190 0.7340
 25.019000 121.474190 0.8170
 25.010056 121.387470 0.9150
#  25.034278 121.493670 3 2 0
 25.034611 121.442190 1.1870
 25.019000 121.474190 0.8970
 25.014722 121.510670 1.0420
 24.997722 121.442690 0.9090
#  25.034611 121.442190 3 2 0
 25.019000 121.474190 1.3780
 25.014722 121.510670 0.8430
 24.997722 121.442690 0.9210
 25.010056 121.387470 1.0790
#  25.019000 121.474190 3 2 0
 25.014722 121.510670 0.8380
 24.997722 121.442690 0.8320
#  25.014722 121.510670 3 2 0
 24.999536 121.568640 1.7920
#  24.997722 121.442690 3 2 0
 25.010056 121.387470 0.8360
#  25.148500 121.511100 4 2 0
 25.158529 121.476890 0.9000
 25.119850 121.473190 0.9540
 25.102119 121.515930 1.3790
 25.053694 121.515720 1.4670
#  25.158529 121.476890 4 2 0
 25.128920 121.417420 1.4170
 25.119850 121.473190 0.7140
 25.102119 121.515930 0.9760
 25.106000 121.564030 1.2480
 25.065750 121.477750 0.9600
#  25.128920 121.417420 4 2 0
 25.119850 121.473190 0.9740
#  25.119850 121.473190 4 2 0
 25.090361 121.462250 0.9040
 25.083694 121.435220 1.0940
 25.102119 121.515930 1.3130
#  25.090361 121.462250 4 2 0
 25.083694 121.435220 1.0700
 25.102119 121.515930 1.2420
 25.065750 121.477750 0.8580
 25.061472 121.431140 0.7800
 25.019000 121.474190 0.9100
#  25.083694 121.435220 4 2 0
 25.133539 121.499190 0.6240
 25.102119 121.515930 1.1870
 25.065750 121.477750 0.6870
 25.061472 121.431140 1.0380
#  25.133539 121.499190 4 2 0
 25.102119 121.515930 1.0030
 25.064800 121.556200 1.1550
 25.053694 121.515720 1.9850
#  25.102119 121.515930 4 2 0
 25.106000 121.564030 1.8750
 25.065750 121.477750 1.5040
 25.064800 121.556200 1.0640
 25.053694 121.515720 1.6630
 25.034278 121.493670 1.3300
 25.034611 121.442190 1.0850
 25.014722 121.510670 1.8990
#  25.106000 121.564030 4 2 0
 25.064800 121.556200 1.6160
 25.053694 121.515720 1.5490
 25.034278 121.493670 1.3980
#  25.065750 121.477750 4 2 0
 25.053694 121.515720 0.9850
 25.061472 121.431140 0.7760
 25.034278 121.493670 1.0600
 25.034611 121.442190 0.7830
 25.019000 121.474190 1.3620
 25.014722 121.510670 0.9330
 24.997722 121.442690 1.0210
 25.010056 121.387470 0.9720
#  25.064800 121.556200 4 2 0
 25.053694 121.515720 1.3330
 24.999536 121.568640 2.1630
#  25.053694 121.515720 4 2 0
 25.061472 121.431140 1.0010
 25.034278 121.493670 0.8550
 25.019000 121.474190 0.9920
 25.014722 121.510670 1.7310
 24.999536 121.568640 1.2110
#  25.061472 121.431140 4 2 0
 25.034611 121.442190 0.7340
 25.019000 121.474190 0.8270
 25.010056 121.387470 0.9270
#  25.034278 121.493670 4 2 0
 25.034611 121.442190 1.1900
 25.019000 121.474190 1.0120
 24.997722 121.442690 0.9500
#  25.034611 121.442190 4 2 0
 25.019000 121.474190 1.2710
 25.014722 121.510670 0.8730
 24.997722 121.442690 0.9210
 25.010056 121.387470 1.0510
#  25.019000 121.474190 4 2 0
 25.014722 121.510670 0.9160
 24.997722 121.442690 0.8790
#  25.014722 121.510670 4 2 0
 24.999536 121.568640 1.8470
#  24.997722 121.442690 4 2 0
 25.010056 121.387470 0.8360
#  25.148500 121.511100 5 2 0
 25.158529 121.476890 0.9340
 25.119850 121.473190 1.0130
 25.102119 121.515930 1.4540
 25.053694 121.515720 1.5430
#  25.158529 121.476890 5 2 0
 25.128920 121.417420 1.4220
 25.119850 121.473190 0.7590
 25.102119 121.515930 1.0150
 25.106000 121.564030 1.2410
 25.065750 121.477750 0.9830
 25.064800 121.556200 1.2210
#  25.128920 121.417420 5 2 0
 25.119850 121.473190 1.0060
 25.034278 121.493670 1.6110
#  25.119850 121.473190 5 2 0
 25.090361 121.462250 0.9120
 25.083694 121.435220 1.0970
 25.102119 121.515930 1.3700
#  25.090361 121.462250 5 2 0
 25.083694 121.435220 1.0320
 25.102119 121.515930 1.2320
 25.065750 121.477750 0.8770
 25.061472 121.431140 0.8370
 25.019000 121.474190 0.9400
#  25.083694 121.435220 5 2 0
 25.133539 121.499190 0.6440
 25.102119 121.515930 1.1780
 25.065750 121.477750 0.7360
 25.034611 121.442190 0.9110
 24.999536 121.568640 1.1450
#  25.133539 121.499190 5 2 0
 25.102119 121.515930 1.0910
 25.064800 121.556200 1.2100
 25.053694 121.515720 2.0600
 25.061472 121.431140 0.9120
#  25.102119 121.515930 5 2 0
 25.065750 121.477750 1.5380
 25.064800 121.556200 1.0820
 25.053694 121.515720 1.6250
 25.034278 121.493670 1.3510
 25.034611 121.442190 1.1210
 25.014722 121.510670 1.9550
#  25.106000 121.564030 5 2 0
 25.064800 121.556200 1.5880
 25.053694 121.515720 1.5850
 25.034278 121.493670 1.4230
#  25.065750 121.477750 5 2 0
 25.053694 121.515720 1.0410
 25.061472 121.431140 0.8150
 25.034278 121.493670 1.0780
 25.034611 121.442190 0.8150
 25.019000 121.474190 1.2500
 25.014722 121.510670 0.9640
 24.997722 121.442690 1.0260
 25.010056 121.387470 0.9890
#  25.064800 121.556200 5 2 0
 25.053694 121.515720 1.4050
 24.999536 121.568640 2.1520
#  25.053694 121.515720 5 2 0
 25.061472 121.431140 1.0410
 25.034278 121.493670 0.8940
 25.019000 121.474190 0.9740
 25.014722 121.510670 1.5810
 24.999536 121.568640 1.2310
#  25.061472 121.431140 5 2 0
 25.034611 121.442190 0.7880
 25.019000 121.474190 0.8570
 24.997722 121.442690 0.7880
 25.010056 121.387470 0.9800
#  25.034278 121.493670 5 2 0
 25.034611 121.442190 1.2650
 24.997722 121.442690 0.9970
#  25.034611 121.442190 5 2 0
 25.019000 121.474190 1.1890
 25.014722 121.510670 0.9070
 24.997722 121.442690 0.9370
 25.010056 121.387470 1.0660
#  25.019000 121.474190 5 2 0
 25.014722 121.510670 0.9620
 24.997722 121.442690 0.9660
#  25.014722 121.510670 5 2 0
 24.999536 121.568640 1.8460
#  24.997722 121.442690 5 2 0
 25.010056 121.387470 0.8590
#  25.148500 121.511100 6 2 0
 25.158529 121.476890 0.9680
 25.119850 121.473190 1.0410
 25.090361 121.462250 1.3380
 25.102119 121.515930 1.5520
 25.065750 121.477750 1.2940
 25.053694 121.515720 1.6330
 25.019000 121.474190 1.4170
 25.010056 121.387470 1.2030
#  25.158529 121.476890 6 2 0
 25.128920 121.417420 1.4360
 25.119850 121.473190 0.8130
 25.102119 121.515930 1.0820
 25.106000 121.564030 1.2880
 25.065750 121.477750 1.0240
 25.064800 121.556200 1.2540
 25.053694 121.515720 1.3310
 25.061472 121.431140 0.7990
#  25.128920 121.417420 6 2 0
 25.119850 121.473190 1.0820
 25.133539 121.499190 1.5630
 25.034278 121.493670 1.7010
 25.034611 121.442190 1.3030
#  25.119850 121.473190 6 2 0
 25.090361 121.462250 1.0070
 25.083694 121.435220 1.1530
 25.102119 121.515930 1.3680
 25.106000 121.564030 1.0550
 25.065750 121.477750 0.8250
#  25.090361 121.462250 6 2 0
 25.102119 121.515930 1.2190
 25.065750 121.477750 0.8860
 25.053694 121.515720 0.9650
 25.061472 121.431140 0.8450
 25.019000 121.474190 1.0020
 25.014722 121.510670 1.0670
#  25.083694 121.435220 6 2 0
 25.133539 121.499190 0.6640
 25.102119 121.515930 1.2590
 25.065750 121.477750 0.7740
 25.034278 121.493670 0.8760
 25.034611 121.442190 0.9640
 24.999536 121.568640 1.1820
#  25.133539 121.499190 6 2 0
 25.102119 121.515930 1.1400
 25.065750 121.477750 1.1820
 25.064800 121.556200 1.2520
 25.053694 121.515720 2.1740
 25.061472 121.431140 0.9210
#  25.102119 121.515930 6 2 0
 25.065750 121.477750 1.5530
 25.064800 121.556200 1.1670
 25.053694 121.515720 1.5650
 25.034278 121.493670 1.3020
 25.034611 121.442190 1.1410
 25.014722 121.510670 1.9350
 24.999536 121.568640 1.3440
#  25.106000 121.564030 6 2 0
 25.065750 121.477750 1.0950
 25.064800 121.556200 1.4880
 25.053694 121.515720 1.5320
 25.034278 121.493670 1.3860
 25.014722 121.510670 1.2840
#  25.065750 121.477750 6 2 0
 25.064800 121.556200 1.1120
 25.053694 121.515720 1.1140
 25.061472 121.431140 0.8690
 25.034278 121.493670 1.2220
 25.034611 121.442190 0.7840
 25.019000 121.474190 1.1790
 25.014722 121.510670 1.0030
 24.997722 121.442690 1.0810
 25.010056 121.387470 1.0040
#  25.064800 121.556200 6 2 0
 25.053694 121.515720 1.3490
 25.061472 121.431140 0.9700
 25.034278 121.493670 1.0190
 24.999536 121.568640 2.0990
#  25.053694 121.515720 6 2 0
 25.061472 121.431140 1.0790
 25.034278 121.493670 0.9410
 25.019000 121.474190 1.0330
 24.997722 121.442690 1.0780
 24.999536 121.568640 1.2570
#  25.061472 121.431140 6 2 0
 25.034278 121.493670 0.9610
 25.034611 121.442190 0.8310
 25.019000 121.474190 0.9020
 25.014722 121.510670 0.8580
 24.997722 121.442690 0.8260
 25.010056 121.387470 1.0190
#  25.034278 121.493670 6 2 0
 25.034611 121.442190 1.3380
 24.997722 121.442690 1.0650
#  25.034611 121.442190 6 2 0
 25.019000 121.474190 1.1750
 25.014722 121.510670 0.9380
 24.997722 121.442690 0.9880
 25.010056 121.387470 1.1620
#  25.019000 121.474190 6 2 0
 25.014722 121.510670 1.0620
 24.997722 121.442690 1.0240
#  25.014722 121.510670 6 2 0
 24.997722 121.442690 1.1090
 24.999536 121.568640 1.7640
#  24.997722 121.442690 6 2 0
 25.010056 121.387470 0.8920
#  25.148500 121.511100 7 2 0
 25.158529 121.476890 1.0270
 25.119850 121.473190 1.1060
 25.090361 121.462250 1.3870
 25.065750 121.477750 1.3130
 25.053694 121.515720 1.6260
 25.034278 121.493670 1.4730
 25.034611 121.442190 1.4110
 25.019000 121.474190 1.4130
 25.014722 121.510670 1.4180
 25.010056 121.387470 1.2140
#  25.158529 121.476890 7 2 0
 25.128920 121.417420 1.4930
 25.119850 121.473190 0.8710
 25.133539 121.499190 1.0620
 25.102119 121.515930 1.1330
 25.106000 121.564030 1.3210
 25.065750 121.477750 1.0740
 25.064800 121.556200 1.2970
 25.053694 121.515720 1.3940
 25.061472 121.431140 0.8220
#  25.128920 121.417420 7 2 0
 25.119850 121.473190 1.1950
 25.083694 121.435220 0.9130
 25.133539 121.499190 1.5690
 25.102119 121.515930 1.1760
 25.106000 121.564030 1.7910
 25.034278 121.493670 1.8270
 25.034611 121.442190 1.3080
#  25.119850 121.473190 7 2 0
 25.083694 121.435220 1.1790
 25.102119 121.515930 1.3060
 25.106000 121.564030 1.1070
 25.065750 121.477750 0.8650
 25.053694 121.515720 1.1760
#  25.090361 121.462250 7 2 0
 25.133539 121.499190 0.8610
 25.102119 121.515930 1.2430
 25.053694 121.515720 0.9750
 25.061472 121.431140 0.9240
 25.034278 121.493670 0.9420
 25.034611 121.442190 0.7820
 25.019000 121.474190 1.0110
 25.014722 121.510670 1.0820
#  25.083694 121.435220 7 2 0
 25.133539 121.499190 0.6790
 25.102119 121.515930 1.3400
 25.065750 121.477750 0.8120
 25.034278 121.493670 0.9250
 25.034611 121.442190 0.9780
 24.997722 121.442690 1.0870
 24.999536 121.568640 1.2230
#  25.133539 121.499190 7 2 0
 25.106000 121.564030 1.4780
 25.065750 121.477750 1.2090
 25.064800 121.556200 1.3320
 25.053694 121.515720 2.1490
 25.061472 121.431140 0.9620
 25.019000 121.474190 1.3180
#  25.102119 121.515930 7 2 0
 25.065750 121.477750 1.4940
 25.064800 121.556200 1.2860
 25.053694 121.515720 1.5160
 25.061472 121.431140 1.1920
 25.034278 121.493670 1.3060
 25.034611 121.442190 1.1980
 25.019000 121.474190 1.3020
 25.014722 121.510670 1.8180
 24.999536 121.568640 1.3950
#  25.106000 121.564030 7 2 0
 25.065750 121.477750 1.1440
 25.064800 121.556200 1.4080
 25.053694 121.515720 1.5780
 25.034278 121.493670 1.3900
 25.034611 121.442190 1.3300
 25.014722 121.510670 1.3380
#  25.065750 121.477750 7 2 0
 25.064800 121.556200 1.1600
 25.061472 121.431140 0.8860
 25.034611 121.442190 0.8150
 25.019000 121.474190 1.1310
 25.014722 121.510670 1.0650
 24.997722 121.442690 1.0560
 25.010056 121.387470 1.0330
#  25.064800 121.556200 7 2 0
 25.061472 121.431140 1.0100
 25.034278 121.493670 1.0700
 25.019000 121.474190 1.0760
 25.014722 121.510670 1.1000
 24.999536 121.568640 2.0050
#  25.053694 121.515720 7 2 0
 25.061472 121.431140 1.1330
 25.019000 121.474190 1.0820
 24.997722 121.442690 1.1040
 24.999536 121.568640 1.2660
 25.010056 121.387470 1.1210
#  25.061472 121.431140 7 2 0
 25.034278 121.493670 1.0300
 25.034611 121.442190 0.8740
 25.019000 121.474190 0.9610
 25.014722 121.510670 0.8960
 24.997722 121.442690 0.8590
 25.010056 121.387470 1.0680
#  25.034278 121.493670 7 2 0
 25.034611 121.442190 1.4850
 24.997722 121.442690 1.1110
#  25.034611 121.442190 7 2 0
 25.019000 121.474190 1.0680
 25.014722 121.510670 0.9640
 24.997722 121.442690 1.0200
 25.010056 121.387470 1.1500
#  25.019000 121.474190 7 2 0
 25.014722 121.510670 1.0810
 24.997722 121.442690 1.1260
 24.999536 121.568640 1.5390
#  25.014722 121.510670 7 2 0
 24.997722 121.442690 1.1410
 24.999536 121.568640 1.6890
#  24.997722 121.442690 7 2 0
 25.010056 121.387470 0.9330
#  25.148500 121.511100 8 2 0
 25.128920 121.417420 1.9710
 25.119850 121.473190 1.2040
 25.090361 121.462250 1.4180
 25.106000 121.564030 1.6420
 25.065750 121.477750 1.3790
 25.064800 121.556200 1.4640
 25.053694 121.515720 1.7440
 25.034278 121.493670 1.5180
 25.034611 121.442190 1.4860
 25.019000 121.474190 1.4340
 25.014722 121.510670 1.4600
 25.010056 121.387470 1.2350
#  25.158529 121.476890 8 2 0
 25.128920 121.417420 1.5100
 25.119850 121.473190 0.9120
 25.090361 121.462250 0.9140
 25.102119 121.515930 1.2220
 25.106000 121.564030 1.4140
 25.065750 121.477750 1.0790
 25.064800 121.556200 1.3230
 25.053694 121.515720 1.4860
 25.061472 121.431140 0.8520
 25.034611 121.442190 1.0090
#  25.128920 121.417420 8 2 0
 25.119850 121.473190 1.2990
 25.090361 121.462250 0.9930
 25.083694 121.435220 0.9620
 25.133539 121.499190 1.6200
 25.102119 121.515930 1.2030
 25.106000 121.564030 1.7920
 25.065750 121.477750 1.3680
 25.034278 121.493670 1.9160
 25.034611 121.442190 1.3980
 25.014722 121.510670 1.5090
 24.999536 121.568640 1.2680
#  25.119850 121.473190 8 2 0
 25.083694 121.435220 1.2040
 25.102119 121.515930 1.3030
 25.106000 121.564030 1.1470
 25.065750 121.477750 0.9280
 25.064800 121.556200 1.2890
 25.053694 121.515720 1.2010
 25.019000 121.474190 1.1600
 24.999536 121.568640 1.3830
#  25.090361 121.462250 8 2 0
 25.133539 121.499190 0.8980
 25.102119 121.515930 1.3340
 25.106000 121.564030 1.1760
 25.053694 121.515720 1.0350
 25.061472 121.431140 0.9400
 25.034278 121.493670 1.0120
 25.034611 121.442190 0.8270
 25.019000 121.474190 1.0540
 25.014722 121.510670 1.1190
#  25.083694 121.435220 8 2 0
 25.133539 121.499190 0.7080
 25.102119 121.515930 1.4580
 25.065750 121.477750 0.8760
 25.053694 121.515720 1.0830
 25.034278 121.493670 0.9810
 25.034611 121.442190 1.0420
 24.997722 121.442690 1.0800
 24.999536 121.568640 1.2460
#  25.133539 121.499190 8 2 0
 25.106000 121.564030 1.4850
 25.065750 121.477750 1.2300
 25.064800 121.556200 1.3610
 25.053694 121.515720 2.1100
 25.061472 121.431140 0.9770
 25.034278 121.493670 1.6560
 25.034611 121.442190 1.0430
 25.019000 121.474190 1.3490
 24.997722 121.442690 1.3580
#  25.102119 121.515930 8 2 0
 25.064800 121.556200 1.3190
 25.061472 121.431140 1.2510
 25.034278 121.493670 1.3680
 25.034611 121.442190 1.1530
 25.019000 121.474190 1.3590
 25.014722 121.510670 1.7480
 24.997722 121.442690 1.5900
 24.999536 121.568640 1.4640
#  25.106000 121.564030 8 2 0
 25.065750 121.477750 1.1270
 25.053694 121.515720 1.6610
 25.034278 121.493670 1.4260
 25.034611 121.442190 1.3850
 25.014722 121.510670 1.4120
#  25.065750 121.477750 8 2 0
 25.064800 121.556200 1.1210
 25.061472 121.431140 0.9460
 25.034611 121.442190 0.8440
 25.019000 121.474190 1.0910
 25.014722 121.510670 1.1210
 24.997722 121.442690 1.0290
 25.010056 121.387470 1.0200
#  25.064800 121.556200 8 2 0
 25.061472 121.431140 1.0530
 25.034278 121.493670 1.0740
 25.034611 121.442190 0.9670
 25.019000 121.474190 1.1310
 25.014722 121.510670 1.1120
 24.999536 121.568640 1.9820
#  25.053694 121.515720 8 2 0
 25.061472 121.431140 1.2200
 25.019000 121.474190 1.1340
 24.997722 121.442690 1.1550
 24.999536 121.568640 1.3560
 25.010056 121.387470 1.1720
#  25.061472 121.431140 8 2 0
 25.034278 121.493670 1.1140
 25.019000 121.474190 0.9810
 25.014722 121.510670 0.9410
 24.997722 121.442690 0.8850
 25.010056 121.387470 1.1180
#  25.034278 121.493670 8 2 0
 24.997722 121.442690 1.1810
 24.999536 121.568640 1.2240
#  25.034611 121.442190 8 2 0
 25.014722 121.510670 1.0150
 24.997722 121.442690 1.1200
 25.010056 121.387470 1.1980
#  25.019000 121.474190 8 2 0
 24.999536 121.568640 1.5580
 25.010056 121.387470 1.0520
#  25.014722 121.510670 8 2 0
 24.997722 121.442690 1.1960
 24.999536 121.568640 1.5730
#  24.997722 121.442690 8 2 0
 24.999536 121.568640 1.3590
 25.010056 121.387470 0.9540
#  25.148500 121.511100 9 2 0
 25.128920 121.417420 1.9540
 25.090361 121.462250 1.3820
 25.106000 121.564030 1.6610
 25.065750 121.477750 1.4080
 25.064800 121.556200 1.5110
 25.053694 121.515720 1.7750
 25.061472 121.431140 1.0880
 25.034278 121.493670 1.5840
 25.034611 121.442190 1.5370
 25.019000 121.474190 1.5000
 25.014722 121.510670 1.5090
 25.010056 121.387470 1.2470
#  25.158529 121.476890 9 2 0
 25.128920 121.417420 1.5290
 25.119850 121.473190 0.9480
 25.090361 121.462250 0.9720
 25.083694 121.435220 1.1480
 25.102119 121.515930 1.2820
 25.106000 121.564030 1.4400
 25.065750 121.477750 1.1190
 25.064800 121.556200 1.3500
 25.053694 121.515720 1.5060
 25.061472 121.431140 0.8870
 25.034611 121.442190 1.0390
 25.019000 121.474190 1.2350
 24.999536 121.568640 1.4250
#  25.128920 121.417420 9 2 0
 25.119850 121.473190 1.3330
 25.090361 121.462250 1.0060
 25.083694 121.435220 1.0070
 25.133539 121.499190 1.8080
 25.102119 121.515930 1.2960
 25.106000 121.564030 1.8710
 25.065750 121.477750 1.3800
 25.061472 121.431140 1.2440
 25.034278 121.493670 2.0250
 25.034611 121.442190 1.5110
 25.019000 121.474190 1.6960
 25.014722 121.510670 1.5070
 24.997722 121.442690 1.3380
 24.999536 121.568640 1.3130
#  25.119850 121.473190 9 2 0
 25.083694 121.435220 1.2300
 25.106000 121.564030 1.1890
 25.065750 121.477750 0.9720
 25.064800 121.556200 1.3100
 25.053694 121.515720 1.2180
 25.019000 121.474190 1.2090
 25.014722 121.510670 1.3060
 24.999536 121.568640 1.4350
#  25.090361 121.462250 9 2 0
 25.133539 121.499190 0.9800
 25.102119 121.515930 1.3990
 25.106000 121.564030 1.2000
 25.053694 121.515720 1.0490
 25.061472 121.431140 1.0420
 25.034278 121.493670 1.0360
 25.034611 121.442190 0.8910
 25.019000 121.474190 1.0750
 25.014722 121.510670 1.1850
 24.997722 121.442690 1.0090
#  25.083694 121.435220 9 2 0
 25.133539 121.499190 0.7470
 25.102119 121.515930 1.6200
 25.065750 121.477750 0.9250
 25.053694 121.515720 1.1350
 25.034278 121.493670 1.0640
 25.034611 121.442190 1.0440
 25.019000 121.474190 0.9640
 25.014722 121.510670 1.1790
 24.997722 121.442690 1.1090
 24.999536 121.568640 1.2830
#  25.133539 121.499190 9 2 0
 25.106000 121.564030 1.6080
 25.065750 121.477750 1.2460
 25.064800 121.556200 1.4150
 25.053694 121.515720 1.9870
 25.061472 121.431140 0.9740
 25.034278 121.493670 1.7900
 25.034611 121.442190 1.0860
 25.019000 121.474190 1.4180
 25.014722 121.510670 1.5260
 24.997722 121.442690 1.3600
 24.999536 121.568640 1.4880
#  25.102119 121.515930 9 2 0
 25.064800 121.556200 1.3750
 25.061472 121.431140 1.2610
 25.034278 121.493670 1.4170
 25.034611 121.442190 1.2190
 25.019000 121.474190 1.4030
 25.014722 121.510670 1.6990
 24.997722 121.442690 1.5670
 24.999536 121.568640 1.5710
#  25.106000 121.564030 9 2 0
 25.065750 121.477750 1.1290
 25.053694 121.515720 1.7880
 25.034278 121.493670 1.4400
 25.034611 121.442190 1.3780
 25.014722 121.510670 1.4200
#  25.065750 121.477750 9 2 0
 25.064800 121.556200 1.1040
 25.061472 121.431140 0.9720
 25.034611 121.442190 0.8970
 25.019000 121.474190 1.0710
 25.014722 121.510670 1.1990
 24.997722 121.442690 1.0730
 24.999536 121.568640 1.4070
 25.010056 121.387470 1.0580
#  25.064800 121.556200 9 2 0
 25.061472 121.431140 1.1030
 25.034278 121.493670 1.1390
 25.034611 121.442190 1.0110
 25.019000 121.474190 1.1930
 25.014722 121.510670 1.1930
 24.999536 121.568640 1.8850
 25.010056 121.387470 1.0430
#  25.053694 121.515720 9 2 0
 25.061472 121.431140 1.2450
 25.034611 121.442190 1.0880
 25.019000 121.474190 1.1470
 24.997722 121.442690 1.2240
 24.999536 121.568640 1.4250
 25.010056 121.387470 1.1820
#  25.061472 121.431140 9 2 0
 25.034278 121.493670 1.2050
 25.019000 121.474190 1.0710
 25.014722 121.510670 0.9930
 24.997722 121.442690 0.9370
 24.999536 121.568640 1.2840
 25.010056 121.387470 1.1880
#  25.034278 121.493670 9 2 0
 24.997722 121.442690 1.2810
 24.999536 121.568640 1.2460
 25.010056 121.387470 0.9410
#  25.034611 121.442190 9 2 0
 25.014722 121.510670 1.0370
 24.999536 121.568640 1.4310
 25.010056 121.387470 1.2450
#  25.019000 121.474190 9 2 0
 24.999536 121.568640 1.6320
 25.010056 121.387470 1.0500
#  25.014722 121.510670 9 2 0
 24.997722 121.442690 1.2340
 24.999536 121.568640 1.5120
#  24.997722 121.442690 9 2 0
 24.999536 121.568640 1.3860
 25.010056 121.387470 0.9930
#  24.999536 121.568640 9 2 0
 25.010056 121.387470 1.1740
#  25.148500 121.511100 10 2 0
 25.128920 121.417420 1.8610
 25.090361 121.462250 1.4570
 25.083694 121.435220 1.1390
 25.106000 121.564030 1.6860
 25.065750 121.477750 1.4320
 25.064800 121.556200 1.6050
 25.053694 121.515720 1.8330
 25.061472 121.431140 1.1140
 25.034278 121.493670 1.6360
 25.034611 121.442190 1.5700
 25.019000 121.474190 1.5330
 25.014722 121.510670 1.5730
 24.997722 121.442690 1.4270
 24.999536 121.568640 1.5450
 25.010056 121.387470 1.2910
#  25.158529 121.476890 10 2 0
 25.128920 121.417420 1.5570
 25.119850 121.473190 1.0230
 25.090361 121.462250 1.0290
 25.083694 121.435220 1.1880
 25.102119 121.515930 1.3360
 25.106000 121.564030 1.4810
 25.065750 121.477750 1.1320
 25.064800 121.556200 1.4000
 25.053694 121.515720 1.5840
 25.061472 121.431140 0.9070
 25.034611 121.442190 1.0710
 25.019000 121.474190 1.3000
 25.014722 121.510670 1.4010
 24.997722 121.442690 1.2280
 24.999536 121.568640 1.4420
 25.010056 121.387470 1.0880
#  25.128920 121.417420 10 2 0
 25.090361 121.462250 1.0680
 25.083694 121.435220 1.1510
 25.133539 121.499190 1.9100
 25.102119 121.515930 1.3440
 25.106000 121.564030 1.9630
 25.065750 121.477750 1.4300
 25.061472 121.431140 1.2830
 25.034278 121.493670 2.1600
 25.034611 121.442190 1.6360
 25.019000 121.474190 1.7240
 25.014722 121.510670 1.5570
 24.997722 121.442690 1.3470
 24.999536 121.568640 1.3160
#  25.119850 121.473190 10 2 0
 25.083694 121.435220 1.2490
 25.106000 121.564030 1.1950
 25.065750 121.477750 1.0170
 25.064800 121.556200 1.3880
 25.053694 121.515720 1.2300
 25.034611 121.442190 1.0200
 25.019000 121.474190 1.2500
 25.014722 121.510670 1.3470
 24.999536 121.568640 1.4510
#  25.090361 121.462250 10 2 0
 25.133539 121.499190 1.0100
 25.106000 121.564030 1.2440
 25.064800 121.556200 1.0910
 25.053694 121.515720 1.0870
 25.034278 121.493670 1.0560
 25.034611 121.442190 0.9210
 25.019000 121.474190 1.1310
 25.014722 121.510670 1.2450
 24.997722 121.442690 1.0590
 25.010056 121.387470 0.8990
#  25.083694 121.435220 10 2 0
 25.133539 121.499190 0.7550
 25.102119 121.515930 1.6760
 25.065750 121.477750 0.9810
 25.053694 121.515720 1.1810
 25.034278 121.493670 1.1190
 25.034611 121.442190 1.0600
 25.019000 121.474190 1.0070
 25.014722 121.510670 1.1860
 24.997722 121.442690 1.1980
 24.999536 121.568640 1.3130
 25.010056 121.387470 1.2060
#  25.133539 121.499190 10 2 0
 25.106000 121.564030 1.6870
 25.065750 121.477750 1.2760
 25.064800 121.556200 1.4590
 25.053694 121.515720 1.9530
 25.061472 121.431140 1.0070
 25.034278 121.493670 1.9070
 25.034611 121.442190 1.1000
 25.019000 121.474190 1.4540
 25.014722 121.510670 1.5880
 24.997722 121.442690 1.4060
 24.999536 121.568640 1.5560
#  25.102119 121.515930 10 2 0
 25.061472 121.431140 1.2880
 25.034278 121.493670 1.5400
 25.034611 121.442190 1.2490
 25.019000 121.474190 1.5300
 25.014722 121.510670 1.6830
 24.997722 121.442690 1.5770
 24.999536 121.568640 1.5640
 25.010056 121.387470 1.4330
#  25.106000 121.564030 10 2 0
 25.065750 121.477750 1.1200
 25.061472 121.431140 1.1980
 25.034278 121.493670 1.5540
 25.034611 121.442190 1.3860
 25.019000 121.474190 1.4960
 25.014722 121.510670 1.5080
#  25.065750 121.477750 10 2 0
 25.064800 121.556200 1.1650
 25.061472 121.431140 1.0470
 25.034611 121.442190 0.9130
 25.019000 121.474190 1.0460
 25.014722 121.510670 1.2620
 24.997722 121.442690 1.1010
 24.999536 121.568640 1.4670
 25.010056 121.387470 1.0800
#  25.064800 121.556200 10 2 0
 25.061472 121.431140 1.1340
 25.034278 121.493670 1.1670
 25.034611 121.442190 1.0520
 25.019000 121.474190 1.2340
 25.014722 121.510670 1.1900
 24.997722 121.442690 1.1650
 24.999536 121.568640 1.7430
 25.010056 121.387470 1.0630
#  25.053694 121.515720 10 2 0
 25.061472 121.431140 1.3350
 25.034611 121.442190 1.1030
 25.019000 121.474190 1.1660
 24.997722 121.442690 1.2230
 24.999536 121.568640 1.4430
 25.010056 121.387470 1.2150
#  25.061472 121.431140 10 2 0
 25.034278 121.493670 1.2770
 25.019000 121.474190 1.0930
 25.014722 121.510670 1.0270
 24.997722 121.442690 0.9580
 24.999536 121.568640 1.3300
 25.010056 121.387470 1.2420
#  25.034278 121.493670 10 2 0
 24.997722 121.442690 1.3740
 24.999536 121.568640 1.3510
 25.010056 121.387470 0.9510
#  25.034611 121.442190 10 2 0
 25.014722 121.510670 1.0970
 24.999536 121.568640 1.4460
 25.010056 121.387470 1.2560
#  25.019000 121.474190 10 2 0
 24.999536 121.568640 1.6710
 25.010056 121.387470 1.0840
#  25.014722 121.510670 10 2 0
 24.997722 121.442690 1.2740
 25.010056 121.387470 1.0880
#  24.997722 121.442690 10 2 0
 24.999536 121.568640 1.4750
 25.010056 121.387470 1.0610
#  24.999536 121.568640 10 2 0
 25.010056 121.387470 1.2230
#  25.148500 121.511100 11 2 0
 25.128920 121.417420 1.8520
 25.090361 121.462250 1.5560
 25.083694 121.435220 1.1410
 25.065750 121.477750 1.4500
 25.064800 121.556200 1.6350
 25.053694 121.515720 1.8820
 25.061472 121.431140 1.1550
 25.034278 121.493670 1.7140
 25.034611 121.442190 1.5900
 25.019000 121.474190 1.5570
 25.014722 121.510670 1.6220
 24.997722 121.442690 1.4680
 24.999536 121.568640 1.6450
 25.010056 121.387470 1.3300
#  25.158529 121.476890 11 2 0
 25.090361 121.462250 1.1120
 25.083694 121.435220 1.2640
 25.102119 121.515930 1.3860
 25.106000 121.564030 1.5330
 25.065750 121.477750 1.1710
 25.064800 121.556200 1.4340
 25.053694 121.515720 1.6160
 25.061472 121.431140 0.9520
 25.034278 121.493670 1.3860
 25.034611 121.442190 1.1220
 25.019000 121.474190 1.3510
 25.014722 121.510670 1.4210
 24.997722 121.442690 1.2770
 24.999536 121.568640 1.4770
 25.010056 121.387470 1.0960
#  25.128920 121.417420 11 2 0
 25.090361 121.462250 1.1460
 25.102119 121.515930 1.4080
 25.106000 121.564030 2.0180
 25.065750 121.477750 1.4770
 25.064800 121.556200 1.7980
 25.053694 121.515720 1.7460
 25.061472 121.431140 1.3510
 25.034278 121.493670 2.3110
 25.034611 121.442190 1.7100
 25.019000 121.474190 1.7250
 25.014722 121.510670 1.5950
 24.997722 121.442690 1.4060
 24.999536 121.568640 1.3430
#  25.119850 121.473190 11 2 0
 25.106000 121.564030 1.2130
 25.065750 121.477750 1.0560
 25.064800 121.556200 1.4090
 25.053694 121.515720 1.2510
 25.034278 121.493670 1.0740
 25.034611 121.442190 1.0760
 25.019000 121.474190 1.2740
 25.014722 121.510670 1.4250
 24.999536 121.568640 1.5080
#  25.090361 121.462250 11 2 0
 25.133539 121.499190 1.0390
 25.106000 121.564030 1.2540
 25.064800 121.556200 1.1220
 25.053694 121.515720 1.1290
 25.034278 121.493670 1.0800
 25.034611 121.442190 0.9510
 25.019000 121.474190 1.1710
 25.014722 121.510670 1.3040
 24.997722 121.442690 1.1130
 24.999536 121.568640 1.5070
 25.010056 121.387470 0.9080
#  25.083694 121.435220 11 2 0
 25.133539 121.499190 0.7680
 25.102119 121.515930 1.5980
 25.106000 121.564030 1.3190
 25.065750 121.477750 1.0310
 25.064800 121.556200 1.4210
 25.053694 121.515720 1.2990
 25.034278 121.493670 1.1840
 25.034611 121.442190 1.2040
 25.019000 121.474190 1.0390
 25.014722 121.510670 1.2670
 24.997722 121.442690 1.2820
 24.999536 121.568640 1.3820
 25.010056 121.387470 1.2160
#  25.133539 121.499190 11 2 0
 25.065750 121.477750 1.3280
 25.064800 121.556200 1.5370
 25.053694 121.515720 1.9650
 25.061472 121.431140 1.0770
 25.034278 121.493670 1.8770
 25.034611 121.442190 1.1050
 25.019000 121.474190 1.5280
 25.014722 121.510670 1.6490
 24.997722 121.442690 1.4120
 24.999536 121.568640 1.5870
#  25.102119 121.515930 11 2 0
 25.061472 121.431140 1.3020
 25.034278 121.493670 1.6140
 25.034611 121.442190 1.2380
 25.019000 121.474190 1.5490
 25.014722 121.510670 1.6460
 24.997722 121.442690 1.6150
 24.999536 121.568640 1.4970
 25.010056 121.387470 1.4430
#  25.106000 121.564030 11 2 0
 25.065750 121.477750 1.1350
 25.061472 121.431140 1.2730
 25.034278 121.493670 1.5820
 25.034611 121.442190 1.3970
 25.019000 121.474190 1.4920
 25.014722 121.510670 1.5480
#  25.065750 121.477750 11 2 0
 25.064800 121.556200 1.2050
 25.034611 121.442190 0.9340
 25.019000 121.474190 1.0820
 25.014722 121.510670 1.2980
 24.997722 121.442690 1.1410
 24.999536 121.568640 1.5490
 25.010056 121.387470 1.1080
#  25.064800 121.556200 11 2 0
 25.061472 121.431140 1.1990
 25.034278 121.493670 1.2080
 25.034611 121.442190 1.0810
 25.019000 121.474190 1.2890
 25.014722 121.510670 1.1990
 24.997722 121.442690 1.1950
 25.010056 121.387470 1.0820
#  25.053694 121.515720 11 2 0
 25.061472 121.431140 1.3720
 25.034611 121.442190 1.1370
 25.019000 121.474190 1.1920
 24.997722 121.442690 1.2500
 24.999536 121.568640 1.4680
 25.010056 121.387470 1.2720
#  25.061472 121.431140 11 2 0
 25.034278 121.493670 1.3330
 25.019000 121.474190 1.1970
 25.014722 121.510670 1.0790
 24.997722 121.442690 1.0530
 24.999536 121.568640 1.3810
 25.010056 121.387470 1.2470
#  25.034278 121.493670 11 2 0
 24.997722 121.442690 1.4270
 24.999536 121.568640 1.3910
 25.010056 121.387470 0.9940
#  25.034611 121.442190 11 2 0
 25.014722 121.510670 1.1200
 24.999536 121.568640 1.4940
 25.010056 121.387470 1.2880
#  25.019000 121.474190 11 2 0
 24.999536 121.568640 1.6480
 25.010056 121.387470 1.1270
#  25.014722 121.510670 11 2 0
 24.997722 121.442690 1.2810
 25.010056 121.387470 1.1300
#  24.997722 121.442690 11 2 0
 24.999536 121.568640 1.5430
 25.010056 121.387470 1.0730
#  24.999536 121.568640 11 2 0
 25.010056 121.387470 1.2770
#  25.148500 121.511100 12 2 0
 25.128920 121.417420 1.8470
 25.090361 121.462250 1.5920
 25.083694 121.435220 1.1760
 25.065750 121.477750 1.4670
 25.064800 121.556200 1.7240
 25.053694 121.515720 1.9170
 25.061472 121.431140 1.2020
 25.034278 121.493670 1.7940
 25.034611 121.442190 1.5960
 25.019000 121.474190 1.5870
 25.014722 121.510670 1.6810
 24.997722 121.442690 1.4990
 24.999536 121.568640 1.6820
 25.010056 121.387470 1.3460
#  25.158529 121.476890 12 2 0
 25.090361 121.462250 1.1790
 25.083694 121.435220 1.3140
 25.102119 121.515930 1.4300
 25.106000 121.564030 1.5610
 25.065750 121.477750 1.1990
 25.064800 121.556200 1.4680
 25.053694 121.515720 1.6350
 25.061472 121.431140 0.9740
 25.034278 121.493670 1.4010
 25.034611 121.442190 1.1460
 25.019000 121.474190 1.3870
 25.014722 121.510670 1.4600
 24.997722 121.442690 1.3090
 24.999536 121.568640 1.5220
 25.010056 121.387470 1.1170
#  25.128920 121.417420 12 2 0
 25.090361 121.462250 1.1840
 25.102119 121.515930 1.4590
 25.106000 121.564030 2.0220
 25.065750 121.477750 1.4970
 25.064800 121.556200 1.8340
 25.053694 121.515720 1.7440
 25.061472 121.431140 1.4070
 25.034278 121.493670 2.3790
 25.034611 121.442190 1.7370
 25.019000 121.474190 1.6920
 25.014722 121.510670 1.5930
 24.997722 121.442690 1.4250
 24.999536 121.568640 1.3610
#  25.119850 121.473190 12 2 0
 25.106000 121.564030 1.2390
 25.065750 121.477750 1.0880
 25.064800 121.556200 1.4400
 25.053694 121.515720 1.2800
 25.061472 121.431140 1.0670
 25.034278 121.493670 1.0910
 25.034611 121.442190 1.1120
 25.019000 121.474190 1.3110
 25.014722 121.510670 1.4610
 24.997722 121.442690 1.0570
 24.999536 121.568640 1.5700
 25.010056 121.387470 1.1160
#  25.090361 121.462250 12 2 0
 25.133539 121.499190 1.0750
 25.106000 121.564030 1.2670
 25.064800 121.556200 1.1520
 25.053694 121.515720 1.1550
 25.034278 121.493670 1.1120
 25.034611 121.442190 0.9870
 25.019000 121.474190 1.2210
 25.014722 121.510670 1.3270
 24.997722 121.442690 1.1620
 24.999536 121.568640 1.5160
 25.010056 121.387470 0.9210
#  25.083694 121.435220 12 2 0
 25.133539 121.499190 0.8190
 25.102119 121.515930 1.5820
 25.106000 121.564030 1.3310
 25.064800 121.556200 1.4370
 25.053694 121.515720 1.3910
 25.034278 121.493670 1.2490
 25.019000 121.474190 1.1320
 25.014722 121.510670 1.3400
 24.997722 121.442690 1.3320
 24.999536 121.568640 1.4000
 25.010056 121.387470 1.2300
#  25.133539 121.499190 12 2 0
 25.065750 121.477750 1.3720
 25.064800 121.556200 1.6060
 25.061472 121.431140 1.1100
 25.034278 121.493670 1.9180
 25.034611 121.442190 1.1290
 25.019000 121.474190 1.6130
 25.014722 121.510670 1.7980
 24.997722 121.442690 1.4360
 24.999536 121.568640 1.6380
#  25.102119 121.515930 12 2 0
 25.061472 121.431140 1.2640
 25.034611 121.442190 1.3250
 25.019000 121.474190 1.5620
 25.014722 121.510670 1.6280
 24.997722 121.442690 1.5400
 24.999536 121.568640 1.5190
 25.010056 121.387470 1.4040
#  25.106000 121.564030 12 2 0
 25.065750 121.477750 1.1440
 25.061472 121.431140 1.2970
 25.034278 121.493670 1.6080
 25.034611 121.442190 1.4350
 25.019000 121.474190 1.5410
 25.014722 121.510670 1.5780
 24.997722 121.442690 1.4490
#  25.065750 121.477750 12 2 0
 25.064800 121.556200 1.2880
 25.034611 121.442190 0.9680
 25.014722 121.510670 1.3070
 24.997722 121.442690 1.1750
 24.999536 121.568640 1.5910
 25.010056 121.387470 1.1090
#  25.064800 121.556200 12 2 0
 25.061472 121.431140 1.2360
 25.034278 121.493670 1.2660
 25.034611 121.442190 1.1410
 25.019000 121.474190 1.3360
 25.014722 121.510670 1.2480
 24.997722 121.442690 1.2160
 25.010056 121.387470 1.1030
#  25.053694 121.515720 12 2 0
 25.061472 121.431140 1.4330
 25.034611 121.442190 1.1640
 24.997722 121.442690 1.2890
 24.999536 121.568640 1.4960
 25.010056 121.387470 1.3020
#  25.061472 121.431140 12 2 0
 25.034278 121.493670 1.2780
 25.019000 121.474190 1.2500
 25.014722 121.510670 1.1180
 24.997722 121.442690 1.0760
 24.999536 121.568640 1.4470
 25.010056 121.387470 1.2480
#  25.034278 121.493670 12 2 0
 24.999536 121.568640 1.4860
 25.010056 121.387470 0.9980
#  25.034611 121.442190 12 2 0
 25.014722 121.510670 1.1420
 24.999536 121.568640 1.5510
#  25.019000 121.474190 12 2 0
 24.999536 121.568640 1.6410
 25.010056 121.387470 1.1560
#  25.014722 121.510670 12 2 0
 24.997722 121.442690 1.2240
 25.010056 121.387470 1.1600
#  24.997722 121.442690 12 2 0
 24.999536 121.568640 1.6270
 25.010056 121.387470 1.1710
#  24.999536 121.568640 12 2 0
 25.010056 121.387470 1.3250
#  25.148500 121.511100 13 2 0
 25.128920 121.417420 1.8360
 25.083694 121.435220 1.2220
 25.065750 121.477750 1.4850
 25.064800 121.556200 1.8150
 25.053694 121.515720 1.9630
 25.061472 121.431140 1.2340
 25.034278 121.493670 1.8950
 25.034611 121.442190 1.5940
 25.019000 121.474190 1.6280
 25.014722 121.510670 1.7420
 24.997722 121.442690 1.5340
 24.999536 121.568640 1.7310
 25.010056 121.387470 1.3580
#  25.158529 121.476890 13 2 0
 25.090361 121.462250 1.2590
 25.083694 121.435220 1.4830
 25.106000 121.564030 1.5860
 25.065750 121.477750 1.2120
 25.064800 121.556200 1.5430
 25.053694 121.515720 1.6650
 25.061472 121.431140 1.0130
 25.034278 121.493670 1.4300
 25.034611 121.442190 1.2150
 25.019000 121.474190 1.4400
 25.014722 121.510670 1.5060
 24.997722 121.442690 1.3150
 24.999536 121.568640 1.5880
 25.010056 121.387470 1.1350
#  25.128920 121.417420 13 2 0
 25.102119 121.515930 1.4530
 25.106000 121.564030 2.0260
 25.065750 121.477750 1.5040
 25.064800 121.556200 1.9960
 25.053694 121.515720 1.7170
 25.061472 121.431140 1.4570
 25.034278 121.493670 2.3360
 25.034611 121.442190 1.7090
 25.019000 121.474190 1.6870
 25.014722 121.510670 1.5690
 24.997722 121.442690 1.4220
 24.999536 121.568640 1.3800
 25.010056 121.387470 1.2520
#  25.119850 121.473190 13 2 0
 25.106000 121.564030 1.2550
 25.065750 121.477750 1.1130
 25.064800 121.556200 1.4950
 25.053694 121.515720 1.3120
 25.061472 121.431140 1.0600
 25.034278 121.493670 1.0990
 25.034611 121.442190 1.1420
 25.019000 121.474190 1.3730
 25.014722 121.510670 1.4930
 24.997722 121.442690 1.1200
 24.999536 121.568640 1.6310
 25.010056 121.387470 1.1560
#  25.090361 121.462250 13 2 0
 25.133539 121.499190 1.0960
 25.106000 121.564030 1.3150
 25.064800 121.556200 1.2610
 25.053694 121.515720 1.1780
 25.034278 121.493670 1.1530
 25.034611 121.442190 1.0150
 25.019000 121.474190 1.2530
 25.014722 121.510670 1.3450
 24.997722 121.442690 1.1940
 24.999536 121.568640 1.5900
 25.010056 121.387470 0.9390
#  25.083694 121.435220 13 2 0
 25.133539 121.499190 0.8670
 25.102119 121.515930 1.6030
 25.106000 121.564030 1.3160
 25.064800 121.556200 1.4510
 25.053694 121.515720 1.4720
 25.034278 121.493670 1.3560
 25.019000 121.474190 1.1970
 25.014722 121.510670 1.4320
 24.997722 121.442690 1.4150
 24.999536 121.568640 1.4310
 25.010056 121.387470 1.2390
#  25.133539 121.499190 13 2 0
 25.065750 121.477750 1.4010
 25.064800 121.556200 1.6300
 25.061472 121.431140 1.1770
 25.034278 121.493670 1.8160
 25.034611 121.442190 1.2000
 25.019000 121.474190 1.6880
 25.014722 121.510670 1.8270
 24.997722 121.442690 1.4840
 24.999536 121.568640 1.6570
 25.010056 121.387470 1.3860
#  25.102119 121.515930 13 2 0
 25.061472 121.431140 1.2400
 25.034611 121.442190 1.4000
 25.019000 121.474190 1.5970
 25.014722 121.510670 1.6300
 24.997722 121.442690 1.5670
 24.999536 121.568640 1.6070
 25.010056 121.387470 1.3660
#  25.106000 121.564030 13 2 0
 25.065750 121.477750 1.1710
 25.061472 121.431140 1.3400
 25.034278 121.493670 1.7550
 25.034611 121.442190 1.4890
 25.019000 121.474190 1.6140
 25.014722 121.510670 1.6370
 24.997722 121.442690 1.5020
 24.999536 121.568640 1.8650
#  25.065750 121.477750 13 2 0
 25.064800 121.556200 1.3670
 24.997722 121.442690 1.1960
 24.999536 121.568640 1.6450
 25.010056 121.387470 1.1290
#  25.064800 121.556200 13 2 0
 25.061472 121.431140 1.3010
 25.034278 121.493670 1.2970
 25.034611 121.442190 1.1930
 25.019000 121.474190 1.3740
 25.014722 121.510670 1.2990
 24.997722 121.442690 1.2330
 25.010056 121.387470 1.1290
#  25.053694 121.515720 13 2 0
 25.061472 121.431140 1.5020
 25.034611 121.442190 1.1870
 24.997722 121.442690 1.3160
 24.999536 121.568640 1.5240
 25.010056 121.387470 1.3160
#  25.061472 121.431140 13 2 0
 25.034278 121.493670 1.3050
 25.014722 121.510670 1.1660
 24.997722 121.442690 1.0960
 24.999536 121.568640 1.4820
 25.010056 121.387470 1.2620
#  25.034278 121.493670 13 2 0
 24.999536 121.568640 1.5340
 25.010056 121.387470 0.9990
#  25.034611 121.442190 13 2 0
 25.014722 121.510670 1.1740
 24.999536 121.568640 1.6020
#  25.019000 121.474190 13 2 0
 24.999536 121.568640 1.6350
 25.010056 121.387470 1.1870
#  25.014722 121.510670 13 2 0
 24.997722 121.442690 1.2400
 25.010056 121.387470 1.1950
#  24.997722 121.442690 13 2 0
 24.999536 121.568640 1.6740
#  24.999536 121.568640 13 2 0
 25.010056 121.387470 1.3700
#  25.148500 121.511100 14 2 0
 25.083694 121.435220 1.2510
 25.065750 121.477750 1.5060
 25.064800 121.556200 1.8400
 25.061472 121.431140 1.2640
 25.034278 121.493670 1.9220
 25.034611 121.442190 1.6080
 25.019000 121.474190 1.6620
 25.014722 121.510670 1.7870
 24.997722 121.442690 1.5640
 24.999536 121.568640 1.7810
 25.010056 121.387470 1.4210
#  25.158529 121.476890 14 2 0
 25.090361 121.462250 1.3310
 25.083694 121.435220 1.5480
 25.106000 121.564030 1.6130
 25.065750 121.477750 1.2260
 25.064800 121.556200 1.5720
 25.053694 121.515720 1.7090
 25.061472 121.431140 1.0430
 25.034278 121.493670 1.4780
 25.034611 121.442190 1.2410
 25.019000 121.474190 1.4580
 25.014722 121.510670 1.5230
 24.997722 121.442690 1.3600
 24.999536 121.568640 1.6270
 25.010056 121.387470 1.1700
#  25.128920 121.417420 14 2 0
 25.102119 121.515930 1.4530
 25.106000 121.564030 2.0400
 25.065750 121.477750 1.4950
 25.064800 121.556200 2.0650
 25.053694 121.515720 1.7100
 25.034278 121.493670 2.2710
 25.034611 121.442190 1.6850
 25.019000 121.474190 1.6980
 25.014722 121.510670 1.5430
 24.997722 121.442690 1.4050
 24.999536 121.568640 1.4020
 25.010056 121.387470 1.2480
#  25.119850 121.473190 14 2 0
 25.106000 121.564030 1.2700
 25.064800 121.556200 1.5460
 25.053694 121.515720 1.3410
 25.061472 121.431140 1.0660
 25.034278 121.493670 1.0950
 25.034611 121.442190 1.1770
 25.019000 121.474190 1.4220
 25.014722 121.510670 1.5420
 24.997722 121.442690 1.1590
 24.999536 121.568640 1.6670
 25.010056 121.387470 1.1940
#  25.090361 121.462250 14 2 0
 25.133539 121.499190 1.1090
 25.106000 121.564030 1.3430
 25.064800 121.556200 1.3090
 25.053694 121.515720 1.2030
 25.034278 121.493670 1.1950
 25.034611 121.442190 1.0350
 25.019000 121.474190 1.2670
 25.014722 121.510670 1.3590
 24.997722 121.442690 1.2150
 24.999536 121.568640 1.6400
 25.010056 121.387470 0.9470
#  25.083694 121.435220 14 2 0
 25.133539 121.499190 0.9000
 25.106000 121.564030 1.3470
 25.064800 121.556200 1.4320
 25.053694 121.515720 1.5590
 25.034278 121.493670 1.4300
 25.019000 121.474190 1.3080
 25.014722 121.510670 1.5050
 24.997722 121.442690 1.5140
 24.999536 121.568640 1.4860
 25.010056 121.387470 1.2500
#  25.133539 121.499190 14 2 0
 25.065750 121.477750 1.4220
 25.064800 121.556200 1.6450
 25.061472 121.431140 1.2270
 25.034278 121.493670 1.7960
 25.034611 121.442190 1.2350
 25.019000 121.474190 1.7070
 25.014722 121.510670 1.8440
 24.997722 121.442690 1.5330
 24.999536 121.568640 1.6660
 25.010056 121.387470 1.4120
#  25.102119 121.515930 14 2 0
 25.061472 121.431140 1.2500
 25.034611 121.442190 1.4510
 25.019000 121.474190 1.6610
 25.014722 121.510670 1.6460
 24.997722 121.442690 1.6030
 24.999536 121.568640 1.6890
 25.010056 121.387470 1.3950
#  25.106000 121.564030 14 2 0
 25.065750 121.477750 1.2770
 25.061472 121.431140 1.3320
 25.034278 121.493670 1.8190
 25.034611 121.442190 1.5560
 25.019000 121.474190 1.6370
 25.014722 121.510670 1.6890
 24.997722 121.442690 1.5640
 24.999536 121.568640 1.8530
#  25.065750 121.477750 14 2 0
 25.064800 121.556200 1.3850
 24.997722 121.442690 1.2150
 24.999536 121.568640 1.6930
 25.010056 121.387470 1.1660
#  25.064800 121.556200 14 2 0
 25.061472 121.431140 1.3490
 25.034278 121.493670 1.3150
 25.034611 121.442190 1.2940
 25.019000 121.474190 1.4050
 25.014722 121.510670 1.3340
 24.997722 121.442690 1.2740
 25.010056 121.387470 1.1640
#  25.053694 121.515720 14 2 0
 25.061472 121.431140 1.5550
 25.034611 121.442190 1.2120
 24.997722 121.442690 1.3450
 25.010056 121.387470 1.3390
#  25.061472 121.431140 14 2 0
 25.014722 121.510670 1.2110
 24.997722 121.442690 1.1210
 24.999536 121.568640 1.5060
 25.010056 121.387470 1.2900
#  25.034278 121.493670 14 2 0
 24.999536 121.568640 1.5550
 25.010056 121.387470 1.0080
#  25.034611 121.442190 14 2 0
 25.014722 121.510670 1.2100
 24.999536 121.568640 1.6300
#  25.019000 121.474190 14 2 0
 24.999536 121.568640 1.6320
 25.010056 121.387470 1.2230
#  25.014722 121.510670 14 2 0
 24.997722 121.442690 1.2620
 25.010056 121.387470 1.2290
#  24.997722 121.442690 14 2 0
 24.999536 121.568640 1.7040
#  24.999536 121.568640 14 2 0
 25.010056 121.387470 1.3780
#  25.148500 121.511100 15 2 0
 25.083694 121.435220 1.2770
 25.065750 121.477750 1.5350
 25.061472 121.431140 1.3160
 25.034278 121.493670 1.9120
 25.034611 121.442190 1.6300
 25.019000 121.474190 1.6980
 25.014722 121.510670 1.8250
 24.997722 121.442690 1.5980
 24.999536 121.568640 1.8180
 25.010056 121.387470 1.4290
#  25.158529 121.476890 15 2 0
 25.083694 121.435220 1.6130
 25.106000 121.564030 1.6410
 25.065750 121.477750 1.2420
 25.064800 121.556200 1.5980
 25.053694 121.515720 1.7270
 25.061472 121.431140 1.0960
 25.034278 121.493670 1.5450
 25.034611 121.442190 1.2660
 25.019000 121.474190 1.4550
 25.014722 121.510670 1.5590
 24.997722 121.442690 1.4100
 24.999536 121.568640 1.6460
 25.010056 121.387470 1.2120
#  25.128920 121.417420 15 2 0
 25.102119 121.515930 1.4740
 25.106000 121.564030 2.0560
 25.065750 121.477750 1.4690
 25.064800 121.556200 2.0990
 25.053694 121.515720 1.7340
 25.034278 121.493670 2.2710
 25.034611 121.442190 1.7040
 25.019000 121.474190 1.7650
 25.014722 121.510670 1.5420
 24.997722 121.442690 1.3880
 24.999536 121.568640 1.4270
 25.010056 121.387470 1.2660
#  25.119850 121.473190 15 2 0
 25.106000 121.564030 1.2860
 25.064800 121.556200 1.5810
 25.053694 121.515720 1.3650
 25.061472 121.431140 1.0720
 25.034278 121.493670 1.1050
 25.034611 121.442190 1.2110
 25.019000 121.474190 1.4630
 25.014722 121.510670 1.5940
 24.997722 121.442690 1.2050
 24.999536 121.568640 1.7000
 25.010056 121.387470 1.2330
#  25.090361 121.462250 15 2 0
 25.106000 121.564030 1.3660
 25.064800 121.556200 1.3360
 25.034278 121.493670 1.2240
 25.034611 121.442190 1.0520
 25.019000 121.474190 1.2720
 25.014722 121.510670 1.3740
 24.997722 121.442690 1.2100
 24.999536 121.568640 1.6670
 25.010056 121.387470 0.9470
#  25.083694 121.435220 15 2 0
 25.133539 121.499190 0.9260
 25.106000 121.564030 1.3830
 25.064800 121.556200 1.3790
 25.019000 121.474190 1.4360
 25.014722 121.510670 1.5860
 24.997722 121.442690 1.6450
 24.999536 121.568640 1.5150
 25.010056 121.387470 1.2690
#  25.133539 121.499190 15 2 0
 25.064800 121.556200 1.6530
 25.061472 121.431140 1.2530
 25.034278 121.493670 1.7860
 25.034611 121.442190 1.2660
 25.019000 121.474190 1.7310
 25.014722 121.510670 1.8570
 24.997722 121.442690 1.6110
 24.999536 121.568640 1.6750
 25.010056 121.387470 1.3810
#  25.102119 121.515930 15 2 0
 25.061472 121.431140 1.2740
 25.034611 121.442190 1.5080
 25.019000 121.474190 1.6710
 25.014722 121.510670 1.6700
 24.997722 121.442690 1.5920
 24.999536 121.568640 1.7790
 25.010056 121.387470 1.4510
#  25.106000 121.564030 15 2 0
 25.065750 121.477750 1.3200
 25.061472 121.431140 1.3480
 25.034278 121.493670 1.8500
 25.034611 121.442190 1.6580
 25.019000 121.474190 1.6740
 25.014722 121.510670 1.6900
 24.997722 121.442690 1.6210
 24.999536 121.568640 1.8650
 25.010056 121.387470 1.3910
#  25.065750 121.477750 15 2 0
 25.064800 121.556200 1.3810
 24.997722 121.442690 1.2410
 24.999536 121.568640 1.7030
 25.010056 121.387470 1.2120
#  25.064800 121.556200 15 2 0
 25.061472 121.431140 1.3880
 25.034611 121.442190 1.3820
 25.019000 121.474190 1.4330
 24.997722 121.442690 1.3060
 25.010056 121.387470 1.2230
#  25.053694 121.515720 15 2 0
 25.034611 121.442190 1.2440
 24.997722 121.442690 1.3810
 25.010056 121.387470 1.3660
#  25.061472 121.431140 15 2 0
 25.014722 121.510670 1.2470
 24.997722 121.442690 1.1470
 24.999536 121.568640 1.5250
#  25.034278 121.493670 15 2 0
 25.010056 121.387470 1.0180
#  25.034611 121.442190 15 2 0
 25.014722 121.510670 1.2360
 24.999536 121.568640 1.5890
#  25.019000 121.474190 15 2 0
 24.999536 121.568640 1.6370
 25.010056 121.387470 1.2580
#  25.014722 121.510670 15 2 0
 25.010056 121.387470 1.2720
#  24.997722 121.442690 15 2 0
 24.999536 121.568640 1.7380
#  24.999536 121.568640 15 2 0
 25.010056 121.387470 1.4380
#  25.148500 121.511100 16 2 0
 25.083694 121.435220 1.3090
 25.065750 121.477750 1.5730
 25.061472 121.431140 1.3580
 25.034278 121.493670 1.9090
 25.034611 121.442190 1.6590
 25.019000 121.474190 1.7430
 25.014722 121.510670 1.8560
 24.997722 121.442690 1.6440
 24.999536 121.568640 1.8520
 25.010056 121.387470 1.4430
#  25.158529 121.476890 16 2 0
 25.106000 121.564030 1.6700
 25.065750 121.477750 1.2640
 25.064800 121.556200 1.6320
 25.053694 121.515720 1.7350
 25.061472 121.431140 1.1380
 25.034278 121.493670 1.6070
 25.034611 121.442190 1.3120
 25.019000 121.474190 1.4670
 25.014722 121.510670 1.6140
 24.997722 121.442690 1.4490
 24.999536 121.568640 1.6640
 25.010056 121.387470 1.2450
#  25.128920 121.417420 16 2 0
 25.102119 121.515930 1.5050
 25.106000 121.564030 2.0630
 25.065750 121.477750 1.4460
 25.064800 121.556200 2.0810
 25.053694 121.515720 1.8860
 25.034611 121.442190 1.7430
 25.019000 121.474190 1.9290
 25.014722 121.510670 1.5630
 24.997722 121.442690 1.3820
 24.999536 121.568640 1.4730
 25.010056 121.387470 1.2950
#  25.119850 121.473190 16 2 0
 25.106000 121.564030 1.3070
 25.064800 121.556200 1.5980
 25.053694 121.515720 1.3860
 25.061472 121.431140 1.0840
 25.034278 121.493670 1.1590
 25.034611 121.442190 1.2450
 25.019000 121.474190 1.5000
 25.014722 121.510670 1.6380
 24.997722 121.442690 1.2880
 24.999536 121.568640 1.7510
 25.010056 121.387470 1.2480
#  25.090361 121.462250 16 2 0
 25.106000 121.564030 1.3980
 25.064800 121.556200 1.3520
 25.034611 121.442190 1.0690
 25.019000 121.474190 1.2740
 25.014722 121.510670 1.3920
 24.997722 121.442690 1.2310
 24.999536 121.568640 1.7000
 25.010056 121.387470 0.9590
#  25.083694 121.435220 16 2 0
 25.133539 121.499190 0.9480
 25.106000 121.564030 1.4210
 25.064800 121.556200 1.3730
 25.014722 121.510670 1.6960
 24.999536 121.568640 1.5420
 25.010056 121.387470 1.2990
#  25.133539 121.499190 16 2 0
 25.061472 121.431140 1.2840
 25.034278 121.493670 1.7660
 25.034611 121.442190 1.3140
 25.019000 121.474190 1.7550
 25.014722 121.510670 1.8500
 24.997722 121.442690 1.6600
 24.999536 121.568640 1.6980
 25.010056 121.387470 1.3560
#  25.102119 121.515930 16 2 0
 25.061472 121.431140 1.3170
 25.034611 121.442190 1.5610
 25.019000 121.474190 1.6880
 24.997722 121.442690 1.5790
 24.999536 121.568640 1.8240
 25.010056 121.387470 1.5200
#  25.106000 121.564030 16 2 0
 25.065750 121.477750 1.3100
 25.061472 121.431140 1.3890
 25.034611 121.442190 1.7030
 25.019000 121.474190 1.7440
 25.014722 121.510670 1.7030
 24.997722 121.442690 1.7090
 24.999536 121.568640 1.8810
 25.010056 121.387470 1.4110
#  25.065750 121.477750 16 2 0
 24.997722 121.442690 1.2800
 24.999536 121.568640 1.6920
 25.010056 121.387470 1.2670
#  25.064800 121.556200 16 2 0
 25.061472 121.431140 1.4240
 25.034611 121.442190 1.4290
 25.019000 121.474190 1.4380
 24.997722 121.442690 1.3400
 25.010056 121.387470 1.2610
#  25.053694 121.515720 16 2 0
 25.034611 121.442190 1.2810
 24.997722 121.442690 1.4200
 25.010056 121.387470 1.3930
#  25.061472 121.431140 16 2 0
 25.014722 121.510670 1.2790
 24.997722 121.442690 1.1700
 24.999536 121.568640 1.5500
#  25.034278 121.493670 16 2 0
 25.010056 121.387470 1.0280
#  25.034611 121.442190 16 2 0
 24.999536 121.568640 1.6050
#  25.019000 121.474190 16 2 0
 25.010056 121.387470 1.2870
#  25.014722 121.510670 16 2 0
 25.010056 121.387470 1.3140
#  24.997722 121.442690 16 2 0
 24.999536 121.568640 1.7720
#  24.999536 121.568640 16 2 0
 25.010056 121.387470 1.4600
#  25.148500 121.511100 17 2 0
 25.083694 121.435220 1.3570
 25.061472 121.431140 1.4000
 25.034278 121.493670 1.9210
 25.034611 121.442190 1.6970
 25.019000 121.474190 1.7880
 25.014722 121.510670 1.8790
 24.997722 121.442690 1.6830
 24.999536 121.568640 1.8980
 25.010056 121.387470 1.5290
#  25.158529 121.476890 17 2 0
 25.065750 121.477750 1.3000
 25.064800 121.556200 1.6730
 25.053694 121.515720 1.7450
 25.061472 121.431140 1.1810
 25.034278 121.493670 1.6480
 25.034611 121.442190 1.3550
 25.019000 121.474190 1.5090
 25.014722 121.510670 1.6720
 24.997722 121.442690 1.4010
 24.999536 121.568640 1.7240
 25.010056 121.387470 1.2760
#  25.128920 121.417420 17 2 0
 25.102119 121.515930 1.5440
 25.106000 121.564030 2.0440
 25.065750 121.477750 1.4350
 25.064800 121.556200 2.0380
 25.053694 121.515720 1.9730
 25.019000 121.474190 1.9680
 25.014722 121.510670 1.6210
 24.997722 121.442690 1.3870
 24.999536 121.568640 1.5240
 25.010056 121.387470 1.3200
#  25.119850 121.473190 17 2 0
 25.106000 121.564030 1.3430
 25.064800 121.556200 1.5820
 25.061472 121.431140 1.1030
 25.034278 121.493670 1.2250
 25.034611 121.442190 1.2840
 25.019000 121.474190 1.5360
 25.014722 121.510670 1.6800
 24.997722 121.442690 1.3920
 24.999536 121.568640 1.8390
 25.010056 121.387470 1.2640
#  25.090361 121.462250 17 2 0
 25.106000 121.564030 1.5110
 25.064800 121.556200 1.3800
 25.014722 121.510670 1.4100
 24.997722 121.442690 1.2620
 24.999536 121.568640 1.7580
 25.010056 121.387470 0.9740
#  25.083694 121.435220 17 2 0
 25.133539 121.499190 0.9670
 25.106000 121.564030 1.4790
 25.064800 121.556200 1.3790
 24.999536 121.568640 1.5700
 25.010056 121.387470 1.3380
#  25.133539 121.499190 17 2 0
 25.061472 121.431140 1.3250
 25.034611 121.442190 1.3730
 25.019000 121.474190 1.7380
 25.014722 121.510670 1.8290
 24.997722 121.442690 1.6960
 24.999536 121.568640 1.7920
 25.010056 121.387470 1.3620
#  25.102119 121.515930 17 2 0
 25.061472 121.431140 1.3620
 25.034611 121.442190 1.5830
 24.997722 121.442690 1.6140
 24.999536 121.568640 1.8500
 25.010056 121.387470 1.5820
#  25.106000 121.564030 17 2 0
 25.065750 121.477750 1.2530
 25.061472 121.431140 1.4830
 25.034611 121.442190 1.7560
 25.019000 121.474190 1.8000
 25.014722 121.510670 1.7240
 24.997722 121.442690 1.7460
 25.010056 121.387470 1.4500
#  25.065750 121.477750 17 2 0
 24.997722 121.442690 1.3230
 24.999536 121.568640 1.6900
 25.010056 121.387470 1.3350
#  25.064800 121.556200 17 2 0
 25.061472 121.431140 1.4550
 25.034611 121.442190 1.4480
 25.019000 121.474190 1.4220
 24.997722 121.442690 1.3770
 25.010056 121.387470 1.2970
#  25.053694 121.515720 17 2 0
 24.997722 121.442690 1.4490
 25.010056 121.387470 1.4220
#  25.061472 121.431140 17 2 0
 25.014722 121.510670 1.3100
 24.999536 121.568640 1.5790
#  25.034278 121.493670 17 2 0
 25.010056 121.387470 1.0380
#  25.034611 121.442190 17 2 0
 24.999536 121.568640 1.6340
#  25.019000 121.474190 17 2 0
 25.010056 121.387470 1.3070
#  25.014722 121.510670 17 2 0
 25.010056 121.387470 1.3510
#  24.997722 121.442690 17 2 0
 24.999536 121.568640 1.8010
#  24.999536 121.568640 17 2 0
 25.010056 121.387470 1.4840
#  25.148500 121.511100 18 2 0
 25.083694 121.435220 1.4160
 25.061472 121.431140 1.4440
 25.034278 121.493670 1.9390
 25.034611 121.442190 1.7340
 25.019000 121.474190 1.8240
 25.014722 121.510670 1.8980
 24.997722 121.442690 1.7140
 24.999536 121.568640 1.9610
 25.010056 121.387470 1.5550
#  25.158529 121.476890 18 2 0
 25.065750 121.477750 1.3990
 25.064800 121.556200 1.7100
 25.053694 121.515720 1.7570
 25.061472 121.431140 1.2460
 25.034278 121.493670 1.6800
 25.034611 121.442190 1.3880
 25.019000 121.474190 1.5640
 25.014722 121.510670 1.7270
 24.997722 121.442690 1.4150
 24.999536 121.568640 1.7800
 25.010056 121.387470 1.3120
#  25.128920 121.417420 18 2 0
 25.106000 121.564030 1.9950
 25.064800 121.556200 2.0450
 25.019000 121.474190 1.9990
 25.014722 121.510670 1.6720
 24.997722 121.442690 1.4190
 24.999536 121.568640 1.5470
 25.010056 121.387470 1.3380
#  25.119850 121.473190 18 2 0
 25.064800 121.556200 1.5440
 25.061472 121.431140 1.1250
 25.034278 121.493670 1.3540
 25.034611 121.442190 1.3260
 25.019000 121.474190 1.5680
 25.014722 121.510670 1.7180
 24.997722 121.442690 1.4420
 24.999536 121.568640 1.9200
 25.010056 121.387470 1.2910
#  25.090361 121.462250 18 2 0
 25.064800 121.556200 1.4240
 25.014722 121.510670 1.4270
 24.997722 121.442690 1.2940
 24.999536 121.568640 1.8210
 25.010056 121.387470 0.9900
#  25.083694 121.435220 18 2 0
 25.133539 121.499190 0.9850
 25.106000 121.564030 1.5960
 25.064800 121.556200 1.4100
 24.999536 121.568640 1.6010
 25.010056 121.387470 1.3770
#  25.133539 121.499190 18 2 0
 25.061472 121.431140 1.3680
 25.034611 121.442190 1.4200
 25.019000 121.474190 1.7190
 25.014722 121.510670 1.8270
 24.997722 121.442690 1.7280
 24.999536 121.568640 1.8430
 25.010056 121.387470 1.4560
#  25.102119 121.515930 18 2 0
 25.061472 121.431140 1.3930
 25.034611 121.442190 1.5900
 24.997722 121.442690 1.6510
 24.999536 121.568640 1.8660
 25.010056 121.387470 1.6050
#  25.106000 121.564030 18 2 0
 25.065750 121.477750 1.2690
 25.061472 121.431140 1.6130
 25.034611 121.442190 1.8340
 25.019000 121.474190 1.8330
 24.997722 121.442690 1.7760
 25.010056 121.387470 1.5590
#  25.065750 121.477750 18 2 0
 24.999536 121.568640 1.6970
 25.010056 121.387470 1.3960
#  25.064800 121.556200 18 2 0
 25.061472 121.431140 1.4810
 25.034611 121.442190 1.4690
 25.019000 121.474190 1.4400
 24.997722 121.442690 1.4160
 25.010056 121.387470 1.3280
#  25.053694 121.515720 18 2 0
 25.010056 121.387470 1.4580
#  25.061472 121.431140 18 2 0
 25.014722 121.510670 1.3390
 24.999536 121.568640 1.6120
#  25.034278 121.493670 18 2 0
 25.010056 121.387470 1.0490
#  25.034611 121.442190 18 2 0
 24.999536 121.568640 1.6630
#  25.019000 121.474190 18 2 0
 25.010056 121.387470 1.3210
#  25.014722 121.510670 18 2 0
 25.010056 121.387470 1.3900
#  24.997722 121.442690 18 2 0
 24.999536 121.568640 1.8190
#  24.999536 121.568640 18 2 0
 25.010056 121.387470 1.5730
#  25.148500 121.511100 19 2 0
 25.083694 121.435220 1.4670
 25.061472 121.431140 1.4900
 25.034611 121.442190 1.7660
 25.019000 121.474190 1.8530
 25.014722 121.510670 1.9170
 24.997722 121.442690 1.7440
 24.999536 121.568640 2.0040
 25.010056 121.387470 1.5760
#  25.158529 121.476890 19 2 0
 25.065750 121.477750 1.4800
 25.064800 121.556200 1.7390
 25.053694 121.515720 1.7710
 25.061472 121.431140 1.3190
 25.034278 121.493670 1.7070
 25.034611 121.442190 1.4230
 25.019000 121.474190 1.6130
 25.014722 121.510670 1.7670
 24.997722 121.442690 1.4550
 24.999536 121.568640 1.7990
 25.010056 121.387470 1.3530
#  25.128920 121.417420 19 2 0
 25.106000 121.564030 1.9710
 25.064800 121.556200 2.0640
 25.014722 121.510670 1.7090
 24.997722 121.442690 1.4880
 24.999536 121.568640 1.5620
 25.010056 121.387470 1.3550
#  25.119850 121.473190 19 2 0
 25.034611 121.442190 1.3660
 25.019000 121.474190 1.5930
 25.014722 121.510670 1.7310
 24.997722 121.442690 1.4720
 24.999536 121.568640 1.9650
 25.010056 121.387470 1.3060
#  25.090361 121.462250 19 2 0
 24.997722 121.442690 1.3250
 24.999536 121.568640 1.8570
 25.010056 121.387470 1.0080
#  25.083694 121.435220 19 2 0
 25.133539 121.499190 1.0020
 25.106000 121.564030 1.6710
 25.064800 121.556200 1.5030
 24.999536 121.568640 1.6330
#  25.133539 121.499190 19 2 0
 25.061472 121.431140 1.4090
 25.034611 121.442190 1.5360
 25.019000 121.474190 1.7390
 25.014722 121.510670 1.8400
 24.997722 121.442690 1.7480
 24.999536 121.568640 1.8710
 25.010056 121.387470 1.5160
#  25.102119 121.515930 19 2 0
 24.997722 121.442690 1.6840
 25.010056 121.387470 1.5760
#  25.106000 121.564030 19 2 0
 25.065750 121.477750 1.2930
 25.061472 121.431140 1.6800
 25.034611 121.442190 1.9020
 25.019000 121.474190 1.8570
 24.997722 121.442690 1.8060
 25.010056 121.387470 1.6450
#  25.065750 121.477750 19 2 0
 25.010056 121.387470 1.4450
#  25.064800 121.556200 19 2 0
 25.061472 121.431140 1.5060
 25.034611 121.442190 1.4900
 24.997722 121.442690 1.4650
 25.010056 121.387470 1.3610
#  25.053694 121.515720 19 2 0
 25.010056 121.387470 1.5000
#  25.061472 121.431140 19 2 0
 25.014722 121.510670 1.3650
 24.999536 121.568640 1.6470
#  25.034278 121.493670 19 2 0
 25.010056 121.387470 1.0590
#  25.034611 121.442190 19 2 0
 24.999536 121.568640 1.6910
#  25.014722 121.510670 19 2 0
 25.010056 121.387470 1.4280
#  24.997722 121.442690 19 2 0
 24.999536 121.568640 1.8160
#  24.999536 121.568640 19 2 0
 25.010056 121.387470 1.6190
#  25.148500 121.511100 20 2 0
 25.061472 121.431140 1.5290
 25.034611 121.442190 1.7930
 25.019000 121.474190 1.8790
 25.014722 121.510670 1.9380
 24.997722 121.442690 1.7780
 24.999536 121.568640 2.0250
 25.010056 121.387470 1.6030
#  25.158529 121.476890 20 2 0
 25.064800 121.556200 1.7620
 25.061472 121.431140 1.3730
 25.034278 121.493670 1.7330
 25.034611 121.442190 1.4680
 25.019000 121.474190 1.6570
 25.014722 121.510670 1.7710
 24.997722 121.442690 1.5020
 24.999536 121.568640 1.8200
 25.010056 121.387470 1.3900
#  25.128920 121.417420 20 2 0
 25.106000 121.564030 1.9750
 25.064800 121.556200 2.0800
 25.014722 121.510670 1.7440
 24.997722 121.442690 1.5140
 24.999536 121.568640 1.5660
 25.010056 121.387470 1.3740
#  25.119850 121.473190 20 2 0
 25.014722 121.510670 1.6440
 24.997722 121.442690 1.5010
 24.999536 121.568640 1.9390
 25.010056 121.387470 1.3120
#  25.090361 121.462250 20 2 0
 24.997722 121.442690 1.3550
 24.999536 121.568640 1.8690
 25.010056 121.387470 1.0350
#  25.083694 121.435220 20 2 0
 25.133539 121.499190 1.0170
 25.106000 121.564030 1.7220
 25.064800 121.556200 1.5380
 24.999536 121.568640 1.6650
#  25.133539 121.499190 20 2 0
 25.061472 121.431140 1.4400
 25.034611 121.442190 1.6520
 25.019000 121.474190 1.7700
 24.997722 121.442690 1.6930
 24.999536 121.568640 1.8980
 25.010056 121.387470 1.5560
#  25.102119 121.515930 20 2 0
 24.997722 121.442690 1.7100
 25.010056 121.387470 1.5740
#  25.106000 121.564030 20 2 0
 25.065750 121.477750 1.3200
 25.061472 121.431140 1.7360
 25.034611 121.442190 1.9400
 24.997722 121.442690 1.8360
 25.010056 121.387470 1.6890
#  25.065750 121.477750 20 2 0
 25.010056 121.387470 1.4800
#  25.064800 121.556200 20 2 0
 25.061472 121.431140 1.5310
 25.034611 121.442190 1.5140
 24.997722 121.442690 1.5300
 25.010056 121.387470 1.3990
#  25.053694 121.515720 20 2 0
 25.010056 121.387470 1.5390
#  25.061472 121.431140 20 2 0
 24.999536 121.568640 1.6830
#  25.034278 121.493670 20 2 0
 25.010056 121.387470 1.0690
#  25.034611 121.442190 20 2 0
 24.999536 121.568640 1.7180
#  25.014722 121.510670 20 2 0
 25.010056 121.387470 1.4610
#  24.999536 121.568640 20 2 0
 25.010056 121.387470 1.6380
#  25.148500 121.511100 21 2 0
 25.061472 121.431140 1.5640
 25.034611 121.442190 1.8160
 25.019000 121.474190 1.9020
 25.014722 121.510670 1.9610
 24.997722 121.442690 1.8140
 24.999536 121.568640 2.0400
 25.010056 121.387470 1.6420
#  25.158529 121.476890 21 2 0
 25.061472 121.431140 1.4150
 25.034278 121.493670 1.7590
 25.034611 121.442190 1.5170
 25.019000 121.474190 1.6960
 25.014722 121.510670 1.7600
 24.997722 121.442690 1.5520
 24.999536 121.568640 1.8470
 25.010056 121.387470 1.4260
#  25.128920 121.417420 21 2 0
 25.106000 121.564030 1.9920
 25.064800 121.556200 2.0840
 25.014722 121.510670 1.7790
 24.997722 121.442690 1.5290
 24.999536 121.568640 1.5310
 25.010056 121.387470 1.4030
#  25.119850 121.473190 21 2 0
 25.014722 121.510670 1.6280
 24.997722 121.442690 1.5410
 24.999536 121.568640 1.8830
 25.010056 121.387470 1.3400
#  25.090361 121.462250 21 2 0
 24.997722 121.442690 1.3830
 24.999536 121.568640 1.8640
 25.010056 121.387470 1.1180
#  25.083694 121.435220 21 2 0
 25.133539 121.499190 1.0280
 25.064800 121.556200 1.5530
 24.999536 121.568640 1.6960
#  25.133539 121.499190 21 2 0
 24.997722 121.442690 1.7050
 24.999536 121.568640 1.9240
 25.010056 121.387470 1.6000
#  25.102119 121.515930 21 2 0
 24.997722 121.442690 1.7320
 25.010056 121.387470 1.6020
#  25.106000 121.564030 21 2 0
 25.061472 121.431140 1.7760
 24.997722 121.442690 1.8640
 25.010056 121.387470 1.7310
#  25.064800 121.556200 21 2 0
 25.061472 121.431140 1.5570
 25.034611 121.442190 1.5480
 24.997722 121.442690 1.5900
 25.010056 121.387470 1.4390
#  25.053694 121.515720 21 2 0
 25.010056 121.387470 1.5710
#  25.061472 121.431140 21 2 0
 24.999536 121.568640 1.7140
#  25.034278 121.493670 21 2 0
 25.010056 121.387470 1.0780
#  25.034611 121.442190 21 2 0
 24.999536 121.568640 1.7430
#  25.014722 121.510670 21 2 0
 25.010056 121.387470 1.4880
#  24.999536 121.568640 21 2 0
 25.010056 121.387470 1.6570
#  25.148500 121.511100 22 2 0
 25.061472 121.431140 1.5970
 25.034611 121.442190 1.8370
 24.997722 121.442690 1.8470
 24.999536 121.568640 2.0570
 25.010056 121.387470 1.6820
#  25.158529 121.476890 22 2 0
 25.061472 121.431140 1.4520
 25.034278 121.493670 1.7840
 25.034611 121.442190 1.5570
 25.019000 121.474190 1.7300
 25.014722 121.510670 1.7780
 24.997722 121.442690 1.5990
 24.999536 121.568640 1.8790
 25.010056 121.387470 1.4630
#  25.128920 121.417420 22 2 0
 25.014722 121.510670 1.8130
 24.997722 121.442690 1.5420
 24.999536 121.568640 1.5020
 25.010056 121.387470 1.4820
#  25.119850 121.473190 22 2 0
 24.997722 121.442690 1.5860
 24.999536 121.568640 1.8910
 25.010056 121.387470 1.3890
#  25.090361 121.462250 22 2 0
 24.999536 121.568640 1.8530
 25.010056 121.387470 1.1810
#  25.083694 121.435220 22 2 0
 25.133539 121.499190 1.0330
 25.064800 121.556200 1.5650
 24.999536 121.568640 1.7240
#  25.133539 121.499190 22 2 0
 24.997722 121.442690 1.7460
 24.999536 121.568640 1.9500
 25.010056 121.387470 1.6430
#  25.102119 121.515930 22 2 0
 24.997722 121.442690 1.7480
 25.010056 121.387470 1.6440
#  25.106000 121.564030 22 2 0
 25.061472 121.431140 1.7670
 24.997722 121.442690 1.8870
 25.010056 121.387470 1.7720
#  25.064800 121.556200 22 2 0
 25.061472 121.431140 1.5820
 24.997722 121.442690 1.6350
 25.010056 121.387470 1.4830
#  25.053694 121.515720 22 2 0
 25.010056 121.387470 1.5960
#  25.061472 121.431140 22 2 0
 24.999536 121.568640 1.7400
#  25.034278 121.493670 22 2 0
 25.010056 121.387470 1.0870
#  25.014722 121.510670 22 2 0
 25.010056 121.387470 1.5150
#  24.999536 121.568640 22 2 0
 25.010056 121.387470 1.6880
#  25.148500 121.511100 23 2 0
 24.997722 121.442690 1.8760
 24.999536 121.568640 2.0750
 25.010056 121.387470 1.7150
#  25.158529 121.476890 23 2 0
 25.034611 121.442190 1.5900
 25.019000 121.474190 1.7460
 25.014722 121.510670 1.8070
 24.997722 121.442690 1.6430
 24.999536 121.568640 1.9150
 25.010056 121.387470 1.5060
#  25.128920 121.417420 23 2 0
 25.014722 121.510670 1.8440
 24.997722 121.442690 1.5540
 24.999536 121.568640 1.5040
 25.010056 121.387470 1.5600
#  25.119850 121.473190 23 2 0
 24.997722 121.442690 1.6270
 24.999536 121.568640 1.9110
 25.010056 121.387470 1.5010
#  25.090361 121.462250 23 2 0
 25.010056 121.387470 1.2760
#  25.083694 121.435220 23 2 0
 25.133539 121.499190 1.0350
 24.999536 121.568640 1.7500
#  25.133539 121.499190 23 2 0
 24.997722 121.442690 1.7830
 24.999536 121.568640 1.9760
 25.010056 121.387470 1.6520
#  25.102119 121.515930 23 2 0
 25.010056 121.387470 1.6910
#  25.106000 121.564030 23 2 0
 25.061472 121.431140 1.7380
 24.997722 121.442690 1.9060
 25.010056 121.387470 1.8100
#  25.064800 121.556200 23 2 0
 24.997722 121.442690 1.6720
 25.010056 121.387470 1.5480
#  25.053694 121.515720 23 2 0
 25.010056 121.387470 1.6130
#  25.061472 121.431140 23 2 0
 24.999536 121.568640 1.7570
#  25.034278 121.493670 23 2 0
 25.010056 121.387470 1.0950
#  24.999536 121.568640 23 2 0
 25.010056 121.387470 1.7450
#  25.148500 121.511100 24 2 0
 24.997722 121.442690 1.9010
 25.010056 121.387470 1.7410
#  25.158529 121.476890 24 2 0
 25.034611 121.442190 1.6190
 25.019000 121.474190 1.7180
 25.014722 121.510670 1.8400
 24.997722 121.442690 1.6830
 24.999536 121.568640 1.9540
 25.010056 121.387470 1.5530
#  25.128920 121.417420 24 2 0
 25.014722 121.510670 1.8730
 24.997722 121.442690 1.5670
 24.999536 121.568640 1.5130
 25.010056 121.387470 1.5950
#  25.119850 121.473190 24 2 0
 24.999536 121.568640 1.9340
 25.010056 121.387470 1.5730
#  25.090361 121.462250 24 2 0
 25.010056 121.387470 1.3740
#  25.083694 121.435220 24 2 0
 24.999536 121.568640 1.7730
#  25.133539 121.499190 24 2 0
 24.997722 121.442690 1.8140
 25.010056 121.387470 1.6700
#  25.102119 121.515930 24 2 0
 25.010056 121.387470 1.7290
#  25.106000 121.564030 24 2 0
 24.997722 121.442690 1.9210
 25.010056 121.387470 1.8430
#  25.064800 121.556200 24 2 0
 25.010056 121.387470 1.6190
#  25.053694 121.515720 24 2 0
 25.010056 121.387470 1.6230
#  25.061472 121.431140 24 2 0
 24.999536 121.568640 1.7670
#  25.034278 121.493670 24 2 0
 25.010056 121.387470 1.1020
#  24.999536 121.568640 24 2 0
 25.010056 121.387470 1.8010
#  25.148500 121.511100 25 2 0
 24.997722 121.442690 1.9220
 25.010056 121.387470 1.7640
#  25.158529 121.476890 25 2 0
 25.019000 121.474190 1.6950
 25.014722 121.510670 1.8740
 24.997722 121.442690 1.7200
 24.999536 121.568640 1.9920
 25.010056 121.387470 1.5960
#  25.128920 121.417420 25 2 0
 24.997722 121.442690 1.5820
 24.999536 121.568640 1.5300
#  25.119850 121.473190 25 2 0
 25.010056 121.387470 1.6160
#  25.083694 121.435220 25 2 0
 24.999536 121.568640 1.7940
#  25.133539 121.499190 25 2 0
 24.997722 121.442690 1.8420
 25.010056 121.387470 1.7040
#  25.102119 121.515930 25 2 0
 25.010056 121.387470 1.7600
#  25.106000 121.564030 25 2 0
 24.997722 121.442690 1.9350
 25.010056 121.387470 1.8700
#  25.064800 121.556200 25 2 0
 25.010056 121.387470 1.6640
#  25.061472 121.431140 25 2 0
 24.999536 121.568640 1.7750
#  25.034278 121.493670 25 2 0
 25.010056 121.387470 1.1080
#  24.999536 121.568640 25 2 0
 25.010056 121.387470 1.8390
#  25.148500 121.511100 26 2 0
 24.997722 121.442690 1.9420
 25.010056 121.387470 1.7860
#  25.158529 121.476890 26 2 0
 25.019000 121.474190 1.7070
 24.997722 121.442690 1.7520
 24.999536 121.568640 2.0280
 25.010056 121.387470 1.6350
#  25.128920 121.417420 26 2 0
 24.997722 121.442690 1.5980
 24.999536 121.568640 1.5680
#  25.119850 121.473190 26 2 0
 25.010056 121.387470 1.6460
#  25.083694 121.435220 26 2 0
 24.999536 121.568640 1.8140
#  25.133539 121.499190 26 2 0
 25.010056 121.387470 1.7390
#  25.102119 121.515930 26 2 0
 25.010056 121.387470 1.7850
#  25.106000 121.564030 26 2 0
 25.010056 121.387470 1.8950
#  25.064800 121.556200 26 2 0
 25.010056 121.387470 1.6950
#  25.034278 121.493670 26 2 0
 25.010056 121.387470 1.1140
#  24.999536 121.568640 26 2 0
 25.010056 121.387470 1.8650
